-0.58990985 -0.10192301 -0.6396376
-0.92070735 -0.16601104 -0.19645554
-0.7965752 0.23327276 -0.8127531
-0.68880856 0.45703086 -0.81016016
-0.6662731 0.27241275 0.59929633
-0.5014249 -0.26203772 -0.43476075
-0.39186952 -0.03375345 -0.7191124
-0.66744345 -0.2081883 -0.2603177
-0.6691337 -0.04910859 -0.8252157
-0.7048512 0.32804158 0.49474648
-0.45464158 -0.14179623 -0.7397199
-0.8932644 0.5749625 -0.28231332
-0.643504 0.15757653 0.6544367
-0.7954116 0.3750881 -0.6292356
-0.4179868 0.6193673 -0.74698156
-0.53748167 -0.39472345 -0.1074672
-0.6156223 0.34650883 -0.79625136
-0.59857535 0.24319455 0.6150289
-0.6859204 0.38876837 0.4302982
-0.6614062 0.29344028 -0.89035475
-0.42027706 -0.04803346 0.78571457
-0.60650086 -0.17991182 -0.556612
-0.569277 0.13912605 -0.90589386
-0.83710253 -0.07351008 0.37680155
-0.38600257 0.020837687 -0.8811064
-0.41121295 -0.14096251 0.8444809
-0.56896544 -0.05590907 -0.8745959
-0.5055635 0.3688302 -0.75124174
-0.4912258 0.09036513 0.7257383
-0.8201482 -0.017642742 -0.7428786
-0.7652241 -0.30263376 -0.005431638
-0.63552284 0.037113257 -0.8637734
-0.33623347 0.3625124 -0.5705174
-0.48207444 -0.02593042 -0.8782858
-0.3695303 0.12269529 -0.7155415
-0.6607162 -0.17687951 -0.5838626
-0.65050745 -0.13299972 -0.7419988
-0.7811129 0.09127445 -0.85863334
-0.9550588 -0.10832611 -0.16946779
-0.9595091 0.34892166 0.008653037
-0.8708492 0.4456901 0.121881284
-0.43239126 0.16016673 -0.75981116
-0.92129594 -0.033672884 -0.48485532
-0.98297673 0.18826228 -0.48628837
-0.8937951 0.07024503 0.29038033
-0.92517126 0.13909861 0.13093032
-0.52402544 0.2947571 0.6537041
-0.32575226 -0.39194223 -0.1644541
-0.36125505 -0.012894945 0.91071355
-0.7305072 0.25731358 0.5133895
-0.78319156 0.18374924 0.46215346
-0.51373905 0.21207973 -0.68969226
-0.49262607 0.005330498 -0.57495236
-0.3028705 -0.014830982 -0.6749984
-0.84122646 0.1720083 0.3613218
-0.7988138 0.26818606 0.40536323
-0.30019915 0.009699793 -0.7754588
-0.41855645 0.7585288 -0.710601
-0.62313044 0.041749552 -0.5710505
-0.5619992 0.41234076 0.450816
-0.67857164 -0.4111033 0.2085187
-0.59662116 0.08188341 0.6754953
-0.3744298 0.26797205 -0.6753015
-0.5267344 0.008946157 -0.7658764
-0.73035324 0.58303523 -0.7181378
-0.9266616 0.106735215 -0.54050404
-0.19473633 -0.42896208 -0.083918765
-0.8885378 0.14851794 0.22968303
-0.49107236 0.5467816 -0.83467543
-0.7266461 0.0016068467 -0.8460529
-0.4982784 -0.07485304 0.70904946
-0.3436164 -0.07898502 -0.6065468
-0.8040649 0.35174257 0.37965885
-0.71515405 -0.14326964 -0.62181973
-0.5780422 -0.066245064 -0.55555224
-0.87748146 0.31939775 0.21419056
-0.93678313 0.17402428 -0.41729856
-0.65146863 -0.1392504 -0.46165663
-0.9361111 0.02558969 -0.28974822
-0.982257 0.008613069 -0.0360396
-0.9635263 -0.09145354 -0.05699825
-0.4596732 -0.08296942 -0.8007499
-0.3464676 -0.080127224 -0.80739284
-0.82167536 0.05959082 0.3707471
-0.7904228 -0.027004205 -0.34323895
-0.98069394 0.12380107 -0.30351296
-0.8703101 0.2442597 0.2804475
-0.31185222 -0.18990785 -0.6284224
-0.93035084 0.39983472 -0.54267377
-0.49615264 -0.094074816 -0.7225549
-0.35038945 -0.2618652 -0.49297845
-0.4321206 -0.06853093 -0.60606855
-0.77568704 -0.1811269 -0.44918397
-0.64762974 0.6096346 0.064740084
-0.93713456 -0.17112646 0.0036679879
-0.9913492 -0.04417249 -0.28067315
-0.59838927 0.6149913 -0.688461
-0.75970775 0.54535866 -0.59665334
-0.7387626 0.5707251 0.10038009
-0.42874512 0.21604125 0.79734874
-0.65442413 0.48621404 0.2719691
-0.6616833 -0.24586937 0.5835528
-0.53291786 -0.17154281 0.7596185
-0.3060319 -0.2925276 -0.40901834
-0.5648923 0.22084066 0.69735503
-0.5206481 0.36349773 0.553302
-0.38590592 0.50855047 -0.6844795
-0.27634966 -0.091070674 -0.70099
-0.41563195 0.2899045 -0.7739037
-0.66444314 0.5332426 0.18483746
-0.77910507 0.48490962 0.21389534
-1.0009129 -0.02379431 -0.15876186
-0.5216337 0.6874893 -0.7640562
-0.36701262 -0.08410224 -0.51182455
-0.42759618 -0.2573943 -0.36173296
-0.44483846 0.43208444 -0.80372816
-0.83300555 0.64725876 -0.53122216
-0.7006019 -0.030141601 0.55245924
-0.66643304 0.25962633 -0.7163332
-0.2584234 -0.37770763 -0.21961859
-0.87075657 -0.009785737 0.26495475
-0.46008736 0.30867785 -0.8818324
-0.94712955 -0.06679487 0.0809747
-0.9964085 0.07456771 -0.1897619
-0.8837558 0.0634121 -0.7426069
-0.36166823 -0.15807779 1.0279187
-0.38633156 -0.3409556 -0.21328561
-0.512936 -0.00427959 -0.9746876
-0.5446848 -0.29821527 0.68442357
-0.8935416 0.29374602 -0.5581202
-0.8705744 -0.09181156 -0.39819592
-0.5802943 0.5176644 -0.77963936
-0.59488016 0.33203566 0.5617111
-0.9254294 0.26558357 -0.6412065
-0.7733478 -0.0700442 -0.71548724
-0.96653223 0.117842965 0.0321789
-0.4948309 0.13462439 0.794131
-0.2732593 -0.17503777 -0.5651743
-0.6466068 -0.23366196 -0.45949793
-0.48396242 -0.3236332 -0.19117133
-0.34736377 -0.17850909 -0.70572764
-0.43389156 0.01261371 -0.8082998
-0.3931763 0.06291392 0.9074202
-0.98273546 0.09948279 -0.07817082
-0.7219936 0.05903001 0.5637937
-0.48508868 0.1279606 -0.9683967
-0.68867564 -0.32375485 -0.10087177
-0.5250485 0.020291382 0.7624221
-0.84368634 -0.1305514 -0.33981323
-0.6446162 0.09041329 -0.9598272
-0.6831965 0.443242 0.3405388
-0.828692 -0.105113834 -0.6316386
-0.6061005 -0.36564267 -0.038351856
-0.738082 -0.16943187 -0.3348697
-0.5755194 0.46610585 0.34004354
-0.4150193 -0.21741527 0.79407245
-0.15735608 -0.50537586 0.06349601
-0.60943973 -0.32190228 -0.19525462
-0.5353859 0.27936742 -0.9428656
-0.945991 -0.09388088 -0.42506543
-0.8372933 -0.13873489 -0.509081
-0.6786525 0.01800932 -0.7327416
-0.37499726 -0.21410096 0.8826234
-0.9552041 -0.12743892 -0.27957848
-0.3761524 -0.4047067 0.81276476
-0.28503054 -0.12809603 -0.7952533
-0.79496837 -0.015754832 0.46616495
-0.40478766 0.39235345 -0.67471594
-0.5678211 -0.17620511 0.65965605
-0.8618616 0.51091695 -0.59270597
-0.42431676 -0.19035897 -0.55440366
-0.45818102 -0.3349627 0.7494587
-0.8392037 0.4126505 -0.7024222
-0.5406401 -0.15929969 -0.42165676
-0.33094716 -0.43813646 -0.05277287
-0.3335982 0.4997734 -0.58945125
-0.61684203 -0.034487862 0.6664898
-0.48300704 -0.16922511 -0.6324553
-0.9137849 -0.030354576 -0.6059749
-0.46638116 -0.43125385 -0.021204552
-0.8605371 0.19743665 -0.7378906
-0.4973305 0.21206756 -0.8477381
-0.7616277 0.61574405 -0.036523446
-0.8957624 -0.24273336 0.09675499
-0.9035619 0.40723565 -0.45359975
-0.7647727 0.10917624 -0.7526793
-0.35005286 -0.41402256 0.9433577
-0.6912089 -0.13199347 0.5810487
-0.4549816 0.22573778 0.73517525
-0.788206 0.40327337 0.31455934
-0.9252279 0.0072877673 0.06975586
-0.9794465 0.04507188 -0.37962595
-0.40529662 -0.32083762 0.86768407
-0.7595761 -0.12664251 0.46532944
-0.7505601 0.31892863 -0.74453616
-0.37284908 0.6251041 -0.64356554
-0.93442047 0.22699055 0.10693243
-0.39883754 -0.12818836 -0.6940405
-0.50163174 -0.108879186 -0.518981
-0.33048624 0.025907835 -0.55388683
-0.97664404 0.19886728 -0.07501741
-0.42038417 -0.20626953 -0.47138053
-0.6932435 -0.28766894 -0.24401498
-0.6847318 0.18208751 -0.83079267
-0.79337305 -0.20916536 -0.2961967
-0.94214803 0.122842714 -0.6407486
-0.9144362 0.5167518 -0.43089035
-0.4128974 -0.3916107 -0.14460789
-0.4890558 -0.17731804 -0.48347762
-0.21861458 -0.4506599 -0.054547653
-0.6306359 -0.025768219 -0.4549374
-0.4316998 0.11569596 -0.85397846
-0.41993928 -0.02583139 0.85767424
-0.3662568 0.11059408 -0.5989737
-0.6970474 0.71760106 -0.6165935
-0.7934844 -0.14974828 -0.18740629
-0.7157808 -0.100519344 -0.53003985
-0.28160435 -0.15300554 -0.459495
-0.6032932 0.09392363 -0.65502226
-0.6594904 -0.04790564 -0.6843181
-0.393514 -0.4669373 0.8254514
-0.7075907 -0.26629838 -0.11374192
-0.76681006 -0.036432527 -0.573113
-0.5424599 0.175976 0.7459862
-0.83222 0.68802345 -0.39270687
-0.9702799 0.29559198 -0.41495335
-0.82932353 0.03884133 -0.6388723
-0.45794556 0.06936116 -0.67731637
-0.58343697 0.38069788 0.509837
-0.575216 -0.08083476 -0.78755146
-0.35304114 -0.33249938 -0.31165048
-0.5469963 -0.15621433 -0.6893003
-0.93865913 0.04367043 0.16499895
-0.24827592 -0.28403825 -0.2768331
-0.7672995 0.096041545 0.47362536
-0.91467434 0.024223218 -0.123707585
-0.64919317 -0.24730106 -0.35794482
-0.5531391 -0.2776678 -0.3086835
-0.98508185 0.039624307 -0.49340343
-0.89998406 -0.16411509 -0.11220457
-0.48624474 -0.3292548 -0.30594566
-0.5573851 0.520032 0.23625958
-0.560257 -0.014527102 -0.6751297
-0.8454084 -0.24744353 -0.0675193
-0.7794065 -0.25812808 -0.18520875
-0.70271283 0.18160649 0.5520979
-0.37467355 -0.09426061 -0.8884309
-0.43277365 0.08083732 0.8261728
-0.5407166 0.39230102 -0.88985753
-0.9900495 0.24791995 -0.2861554
-0.6599875 0.44165948 -0.6930874
-0.82103217 0.20550153 -0.6103794
-0.28206605 -0.23481368 -0.37803572
-0.55561894 0.1231091 -0.7950467
-0.49896872 0.5150983 -0.7115338
-0.81513596 0.08762636 -0.46010402
-0.8299802 -0.12568416 0.078983635
-0.8784717 -0.06301033 0.11790771
-0.8298704 -0.09107742 0.21977979
-0.8068486 -0.15796106 0.28071955
-0.7162921 -0.1992169 0.42196545
-0.73726094 -0.19009961 0.3114641
-0.5867526 -0.28981692 0.5536103
-0.53897065 -0.38384295 0.51746106
-0.45631292 -0.4232861 0.6751712
-0.53023833 -0.39534116 0.29025176
-0.4472075 -0.31091845 0.6551008
-0.54124093 -0.34183827 0.46499458
-0.40274316 -0.2839778 0.5015524
-0.5472706 -0.30780518 0.15183315
-0.5111604 -0.20101325 0.6377643
-0.55791223 -0.2271349 0.37197322
-0.40846047 -0.102871135 0.4640782
-0.60185623 -0.15245603 0.009832392
-0.5770494 -0.022490172 0.55913675
-0.6565629 -0.08212985 0.19699994
-0.50137895 0.09041965 0.3253835
-0.7035489 0.007834779 -0.10511427
-0.714363 0.14454322 0.41879082
-0.81486464 0.12221496 0.13466157
-0.69157827 0.23359524 0.24954426
-0.84805423 0.18948375 -0.15633841
-0.8511442 0.2712251 0.16054015
-0.94527626 0.21960218 -0.040905412
-0.8538488 0.36545405 0.12760824
-0.9852521 0.2755005 -0.2031523
-0.93276477 0.3267176 -0.04124788
-0.97590816 0.183684 -0.26338184
-0.85272634 -0.1897738 0.14577806
-0.87164605 -0.17151618 0.02845857
-0.77228034 -0.2629248 0.28457776
-0.8019305 -0.20156722 0.19268776
-0.66127014 -0.31791526 0.46892077
-0.7117137 -0.25873747 0.05560207
-0.5287176 -0.45194858 0.57864296
-0.45213556 -0.507914 0.6325694
-0.334985 -0.5362381 0.58425677
-0.445586 -0.422883 0.51766074
-0.34146178 -0.41088712 0.6692045
-0.23502034 -0.27995646 0.5796683
-0.3469564 -0.3339992 0.2808226
-0.40367454 -0.17004366 0.71306586
-0.25724295 -0.13640861 0.46091893
-0.23923641 -0.043973528 0.65779185
-0.36571842 -0.13571829 0.1491279
-0.38686663 0.00050958805 0.6523801
-0.28404403 0.08509348 0.36139175
-0.30901298 0.14799784 0.5590395
-0.44450837 0.054819703 0.04846284
-0.5120601 0.17506678 0.53754497
-0.4414432 0.26509526 0.28276122
-0.5374347 0.32028085 0.42175236
-0.63200915 0.24619599 0.024864707
-0.71144164 0.3437001 0.3182151
-0.72686183 0.39291066 0.06855809
-0.75030464 0.42650247 0.20675257
-0.92488503 0.31355792 -0.120296784
-0.9037465 0.45664245 -0.042582788
-0.88436294 0.28882676 0.06408284
-0.9415705 0.40656686 -0.12895146
-0.78616905 -0.23270945 -0.048595045
-0.8060763 -0.288247 0.19182022
-0.7244496 -0.29186687 0.3845844
-0.7512666 -0.3244968 0.28055593
-0.6624897 -0.34220415 0.3665627
-0.6093031 -0.38836896 0.4504523
-0.511148 -0.45530862 0.35922703
-0.45664078 -0.5067701 0.471807
-0.32622516 -0.45613974 0.38112208
-0.21383795 -0.43452156 0.5022951
-0.41409135 -0.407039 0.06710169
-0.18902116 -0.33356717 0.39226416
-0.22307709 -0.20409635 0.28093365
-0.09662402 -0.18044169 0.45687914
-0.3614741 -0.2538571 -0.037371952
-0.16547805 -0.048011363 0.30080613
-0.24554574 0.004265072 0.20055436
-0.12781002 0.06173204 0.45228454
-0.39280134 -0.06555839 -0.1395063
-0.22754675 0.15396656 0.17699718
-0.31504047 0.2247837 0.083139494
-0.2489355 0.23015995 0.3176057
-0.46680117 0.1420019 -0.18788917
-0.32562047 0.37205595 0.13699509
-0.52863044 0.39371556 0.105438374
-0.5280459 0.4588132 0.22469439
-0.66833955 0.35060042 -0.17109787
-0.6832012 0.524717 0.106280185
-0.8335169 0.42979267 0.02624441
-0.85853887 0.50616217 0.04925066
-0.9206326 0.43462685 -0.25058338
-0.96853805 0.38104942 -0.22587322
-0.8127662 -0.30000213 0.014602068
-0.79802704 -0.26064578 0.09912832
-0.7470667 -0.37736553 0.17801888
-0.7070045 -0.35040382 0.20523643
-0.6246105 -0.3831105 0.1357508
-0.5919379 -0.4331523 0.24969146
-0.49998453 -0.41744083 0.089162216
-0.40094453 -0.45445198 0.2017754
-0.40268767 -0.44199136 0.02672496
-0.296157 -0.39920294 0.0778552
-0.5131587 -0.33138293 -0.043531474
-0.23249438 -0.30881134 -0.063639425
-0.4207108 -0.27781484 -0.23321082
-0.26123804 -0.14657076 -0.099118315
-0.540392 -0.19211441 -0.18599689
-0.2400147 -0.046910577 -0.2321704
-0.44138187 -0.12396586 -0.38776782
-0.28993225 0.06917432 -0.1811824
-0.59660995 -0.051501498 -0.29979587
-0.29967862 0.16606471 -0.32485858
-0.5043893 0.06529124 -0.45201698
-0.33661383 0.24905252 -0.20052665
-0.6683985 0.14423078 -0.31156018
-0.45881 0.3523823 -0.19550039
-0.6202285 0.24763002 -0.4959831
-0.5294545 0.48511294 -0.06075385
-0.7928066 0.31412476 -0.32772812
-0.69027936 0.5421533 -0.06882437
-0.92041844 0.35392267 -0.41524848
-0.8854206 0.57566476 -0.18892105
-0.9707972 0.42243505 -0.3226923
-0.9243587 0.49750766 -0.15257098
-0.7535492 -0.34047768 0.07905906
-0.7086762 -0.39707336 0.32146633
-0.61589503 -0.43178785 0.4688318
-0.6421329 -0.43906793 0.34708634
-0.58504784 -0.4764899 0.38519016
-0.45068228 -0.5461323 0.37725776
-0.45007065 -0.51418513 0.247181
-0.27937394 -0.5231817 0.22777295
-0.3115835 -0.47781497 0.12780562
-0.19283205 -0.45209223 0.028889079
-0.3175402 -0.37492943 -0.04636267
-0.17422748 -0.35314468 -0.09975886
-0.29243803 -0.29673386 -0.16589895
-0.19911607 -0.22550692 -0.18473604
-0.35302296 -0.16360842 -0.24058285
-0.22239898 -0.12961406 -0.29222125
-0.2966438 -0.056230053 -0.3361631
-0.25491884 0.034235112 -0.3402407
-0.41183162 0.050775416 -0.33880618
-0.27089626 0.104168415 -0.42369446
-0.33949345 0.16619322 -0.43131638
-0.31300282 0.2759931 -0.39646772
-0.4892374 0.23049761 -0.3491238
-0.33804834 0.32393333 -0.5381899
-0.46075684 0.38743457 -0.42263648
-0.49037933 0.4914282 -0.29310492
-0.6796346 0.47719586 -0.29285377
-0.5383496 0.5129478 -0.5655174
-0.78385013 0.58862805 -0.22533277
-0.82576597 0.56872654 -0.39326507
-0.8612535 0.5462162 -0.08183598
-0.92444193 0.53226644 -0.28509814
-0.6669205 -0.4004082 0.06214806
-0.67552954 -0.32818067 -0.035150427
-0.6295568 -0.45697293 0.24593464
-0.55907655 -0.4723237 0.56040305
-0.54266536 -0.49207395 0.4568121
-0.47245115 -0.5370547 0.55594075
-0.3362012 -0.536613 0.33218542
-0.2795753 -0.546156 0.3865916
-0.2195541 -0.500416 0.10828698
-0.21708038 -0.48526347 0.28763768
-0.20307918 -0.42239916 -0.042837594
-0.21198247 -0.38420552 0.18932843
-0.21711048 -0.32863736 -0.19678761
-0.23604485 -0.2530199 0.10041976
-0.26105192 -0.22892469 -0.3022506
-0.26472694 -0.08994215 0.015934765
-0.28201014 -0.11843133 -0.41528797
-0.2813624 0.057332546 0.0056631723
-0.33933717 -0.015246453 -0.4548614
-0.29774326 0.2326108 -0.044168808
-0.32772687 0.11164803 -0.5328734
-0.3172934 0.34898514 -0.015570712
-0.39886957 0.21952555 -0.53673685
-0.3578949 0.4549424 -0.02057013
-0.4662 0.36477414 -0.58934134
-0.48801747 0.55145216 0.062109478
-0.63821423 0.40319815 -0.46983808
-0.6083918 0.59101087 0.05421732
-0.80791813 0.48149616 -0.49412903
-0.7036473 0.63565534 -0.015567736
-0.9183847 0.53841406 -0.3911704
-0.8354458 0.6112704 -0.08014064
-0.62877345 -0.43873432 0.12272336
-0.5913637 -0.502086 0.30605373
-0.47274658 -0.49013752 0.6823405
-0.51668394 -0.5630118 0.4963876
-0.487714 -0.56632537 0.59274757
-0.4199012 -0.5932697 0.48296073
-0.3237545 -0.58184993 0.5308862
-0.22017512 -0.5994883 0.40117007
-0.16592743 -0.56923354 0.30945823
-0.13773102 -0.5083702 0.2021899
-0.092381164 -0.45969334 0.21658139
-0.10049638 -0.3957528 0.13046691
-0.11116572 -0.3127662 0.1501222
-0.13862053 -0.23315455 0.024762776
-0.1230675 -0.1706624 0.094015025
-0.15768844 -0.08678805 0.0052687777
-0.15568168 0.016948571 0.037094936
-0.197328 0.10155955 -0.12130303
-0.17257702 0.16403472 -0.024136242
-0.20303062 0.23404218 -0.106169306
-0.23220754 0.28364894 -0.21807875
-0.26056993 0.3490103 -0.31253543
-0.2921519 0.40271625 -0.30157885
-0.2786688 0.4671771 -0.35959896
-0.3760692 0.5214445 -0.4118217
-0.37372845 0.5868332 -0.2855932
-0.5239681 0.6049444 -0.20124856
-0.5648962 0.6708757 -0.109538265
-0.69887984 0.68082124 -0.13949332
-0.75525737 0.6644181 -0.3576716
-0.8453143 0.6532883 -0.19259083
-0.8001353 0.58915895 -0.0072675543
-0.5997052 -0.44821733 0.008029479
-0.5461929 -0.40884608 -0.0025932612
-0.52672696 -0.54049784 0.4073344
-0.50723445 -0.50915176 0.5353218
-0.51483667 -0.54908925 0.33892927
-0.39718288 -0.5425939 0.7000258
-0.32098424 -0.58648866 0.418998
-0.21320426 -0.557663 0.518687
-0.15770152 -0.55466384 0.2095833
-0.14766662 -0.49316022 0.41400453
-0.12133296 -0.45530686 0.08651357
-0.08901055 -0.39515048 0.25697792
-0.13915335 -0.31909704 0.02007031
-0.10296349 -0.22185983 0.22192639
-0.1658005 -0.16616322 -0.082001515
-0.113566354 -0.048027955 0.1405708
-0.18311454 -0.019611781 -0.10196778
-0.13859734 0.13185884 0.124719225
-0.2231067 0.15942387 -0.22967137
-0.16769832 0.28855196 0.00058473554
-0.24870479 0.25080442 -0.34739247
-0.2246759 0.3838852 -0.17765363
-0.2967073 0.36858332 -0.4557322
-0.32751495 0.48554456 -0.17831656
-0.37073994 0.46063745 -0.5388671
-0.43082273 0.56024754 -0.12981741
-0.49191463 0.5929319 -0.4213848
-0.62048346 0.68573755 -0.34432384
-0.67520213 0.6360994 -0.50842977
-0.7555116 0.76849383 -0.37749043
-0.8587303 0.65527546 -0.387089
-0.8263339 0.70486057 -0.2591053
-0.559934 -0.48264372 0.14264116
-0.52148634 -0.5121945 0.24121493
-0.43471012 -0.5702489 0.6606138
-0.463299 -0.60714906 0.48360065
-0.43326885 -0.6255482 0.5947765
-0.35375768 -0.6287281 0.5550471
-0.26855823 -0.6284418 0.657464
-0.19888517 -0.64373046 0.53648317
-0.117729574 -0.58525944 0.5125713
-0.07396728 -0.5331484 0.41430968
-0.04077981 -0.4571331 0.44275293
-0.04619385 -0.37399745 0.39010802
-0.03298631 -0.2802524 0.42285645
-0.04775833 -0.18459053 0.3653684
-0.03511176 -0.105022535 0.4233571
-0.04857535 -0.017505081 0.35330144
-0.04044942 0.070687816 0.38250595
-0.06651202 0.16389205 0.30217215
-0.09212308 0.22874312 0.290002
-0.11864586 0.30351228 0.14301094
-0.13869494 0.35857362 0.03785366
-0.18514338 0.41122267 -0.044025205
-0.21110907 0.46670246 -0.14309888
-0.25443184 0.5548936 -0.18350236
-0.2961237 0.57979995 -0.33230445
-0.37038454 0.6477023 -0.23946497
-0.43226707 0.68449 -0.30627307
-0.52101624 0.73168224 -0.40446582
-0.6070185 0.7451742 -0.24552375
-0.73397374 0.75854903 -0.31358752
-0.72764593 0.7456832 -0.22453533
-0.78299165 0.71239173 -0.15153936
-0.47120738 -0.4804771 0.03105304
-0.47517243 -0.4950171 0.12130266
-0.49403802 -0.55073506 0.24377495
-0.395369 -0.6150169 0.69944996
-0.43294647 -0.601122 0.4018273
-0.3655991 -0.51957345 0.82000566
-0.38926968 -0.6279915 0.5931695
-0.23312482 -0.5503226 0.6545592
-0.11481865 -0.6188176 0.40766683
-0.08009018 -0.4972037 0.5317902
-0.061872687 -0.4542902 0.32312325
-0.015485965 -0.33843648 0.5090143
-0.06098506 -0.2733376 0.296725
0.0002849251 -0.16556187 0.5146362
-0.08737598 -0.1045144 0.256313
-0.014246032 0.0017135609 0.47773534
-0.083817415 0.061779253 0.24581504
-0.029532729 0.16410898 0.42021242
-0.117455855 0.225074 0.12695368
-0.096698776 0.3100403 0.27158388
-0.17427504 0.33905134 -0.09018526
-0.17531097 0.41792446 0.081533775
-0.23609485 0.4815377 -0.25849012
-0.31323382 0.54810816 -0.034716975
-0.32362497 0.5647767 -0.4778703
-0.41274363 0.656215 -0.13707021
-0.39369392 0.6592538 -0.46924314
-0.53114164 0.7204066 -0.20712288
-0.563897 0.6513431 -0.555684
-0.6771592 0.77186805 -0.24426305
-0.7527981 0.7232415 -0.46831107
-0.67487776 0.72674954 -0.11281744
-0.3976384 -0.51419127 0.18775041
-0.41165403 -0.58855706 0.3036897
-0.3631035 -0.6123333 0.79900897
-0.40237075 -0.6443578 0.49641222
-0.3776624 -0.6728489 0.6420585
-0.33193228 -0.6958347 0.7466893
-0.27530953 -0.6175251 0.84768087
-0.17488909 -0.6795042 0.67684484
-0.15631963 -0.6004885 0.6955793
-0.033145223 -0.5182554 0.6408574
-0.010948416 -0.43258157 0.56479704
0.003557969 -0.30361366 0.65786695
0.014236752 -0.21694927 0.60256696
0.016131472 -0.084133625 0.6496513
-0.0024313033 -0.023148408 0.5588485
0.016360674 0.05802671 0.6413169
0.0238013 0.11391226 0.56317055
0.00124879 0.21315968 0.55609673
-0.02845238 0.2610925 0.38570347
-0.074095234 0.32083422 0.4202865
-0.06670442 0.35616207 0.23351885
-0.137677 0.4508553 0.21828207
-0.16499962 0.4886077 0.03740564
-0.2440574 0.58990246 0.011065311
-0.2865314 0.6190948 -0.19144556
-0.34791452 0.73148733 -0.27725956
-0.4000325 0.7448045 -0.360042
-0.50269765 0.7511071 -0.28560475
-0.589241 0.80237097 -0.4394265
-0.68967515 0.8140498 -0.4539988
-0.6837801 0.75360215 -0.42532432
-0.63160515 0.72098213 -0.11443382
-0.32262254 -0.47335246 0.008756521
-0.34314567 -0.503679 0.08313662
-0.3464853 -0.6449456 0.3512134
-0.34808418 -0.67862916 0.5710131
-0.38442263 -0.5780929 0.1697862
-0.30727822 -0.68260103 0.79416656
-0.34474123 -0.66459435 0.7050256
-0.2880957 -0.5881674 0.7574189
-0.0952827 -0.6032081 0.5978197
-0.096305266 -0.5000188 0.74515617
-0.124490544 -0.41278926 0.6818406
-0.22712865 -0.24795114 0.8023919
-0.08303854 -0.2261475 0.5728977
-0.057945002 -0.14299057 0.76298386
-0.09481028 -0.03941168 0.66953397
-0.15536931 0.08953056 0.7585039
-0.044454105 0.103238165 0.51489425
-0.04877186 0.133604 0.6822213
-0.106570765 0.2236165 0.5149036
-0.22285315 0.31342518 0.5298952
-0.15967101 0.35840294 0.18113923
-0.19446212 0.37467313 0.35067114
-0.23201506 0.4969716 0.11938932
-0.36157554 0.57161385 0.07918725
-0.27706414 0.66784585 -0.3409039
-0.37661856 0.70240635 -0.19058716
-0.3520759 0.71454674 -0.45538837
-0.44699723 0.81964034 -0.5815728
-0.4560359 0.69669896 -0.59750605
-0.5807736 0.8001228 -0.5742132
-0.54588944 0.7415387 -0.5304289
-0.66950953 0.8190463 -0.34782544
-0.29003137 -0.5753236 0.18947122
-0.27826563 -0.6244036 0.3133406
-0.30088574 -0.6929502 0.46358922
-0.27152207 -0.725716 0.57492834
-0.2845964 -0.7249072 0.65200484
-0.24884528 -0.72977346 0.72119296
-0.22348072 -0.6542825 0.7235306
-0.31274962 -0.5464974 0.87652695
-0.33110353 -0.47747645 0.8363382
-0.2701661 -0.39055687 0.85110956
-0.07034266 -0.3126685 0.84504604
-0.26207617 -0.19301504 0.94114923
-0.3544672 -0.12971808 0.88438344
-0.23352824 -0.030465191 0.8484225
-0.07073216 0.0351018 0.8103309
-0.25642064 0.102295056 0.9158844
-0.29710382 0.13986556 0.8205718
-0.1876559 0.2183492 0.7377665
-0.09604667 0.22380075 0.6454341
-0.29147324 0.26681092 0.67069054
-0.37301344 0.31426096 0.5766454
-0.30134797 0.37495798 0.45852092
-0.25943232 0.4496176 0.31318995
-0.40718973 0.5392358 0.25413024
-0.48173243 0.5947173 0.03927027
-0.45650935 0.69044685 -0.10011802
-0.42743558 0.7429692 -0.21761522
-0.43633097 0.85110015 -0.45000532
-0.51223975 0.8430248 -0.47512826
-0.58578706 0.8339549 -0.35723433
-0.54835683 0.8030646 -0.3730667
-0.6218011 0.80317044 -0.27311566
-0.19925176 -0.5262586 0.0684792
-0.21776758 -0.54557925 0.18031074
-0.20884243 -0.65038496 0.25914007
-0.1930198 -0.75110203 0.6479451
-0.23098981 -0.70057607 0.4441335
-0.2099818 -0.727522 0.7969938
-0.2788062 -0.6765291 0.85375714
-0.18215823 -0.6208748 0.8689601
-0.20130424 -0.51801 0.84410703
-0.20708369 -0.381946 0.9954958
-0.36290106 -0.29878575 0.84907484
-0.14609982 -0.25025648 1.0159165
-0.1227715 -0.11127119 0.9204987
-0.22410241 -0.024620486 1.00123
-0.3534125 0.042578116 0.8943515
-0.14167584 0.065473296 0.9701874
-0.08887759 0.14985874 0.8450696
-0.21106566 0.18002866 0.86555755
-0.39478707 0.20896867 0.766814
-0.17749515 0.23168376 0.77817506
-0.13536943 0.3077559 0.60626227
-0.2844329 0.3515594 0.6130476
-0.47448355 0.4301697 0.48106343
-0.38201267 0.4558603 0.3864877
-0.31427765 0.5991442 0.046272364
-0.46150547 0.6724532 0.0010550646
-0.5363115 0.7237232 -0.0920474
-0.44080657 0.78457314 -0.2732692
-0.3605851 0.71073145 -0.5590192
-0.5023656 0.816793 -0.3552538
-0.43281907 0.7667235 -0.5140281
-0.5366141 0.7945553 -0.25167271
-0.19209513 -0.6474351 0.3984153
-0.13795243 -0.62767446 0.23419416
-0.15430085 -0.74941236 0.7294405
-0.15513298 -0.7354671 0.5193465
-0.08490498 -0.7587184 0.5764448
-0.10652959 -0.75004107 0.6721794
-0.2479459 -0.581115 0.92245513
-0.2293814 -0.5296366 0.9427593
-0.13948555 -0.4617516 0.92550296
-0.037265975 -0.38905707 0.9078847
-0.32114148 -0.27179435 0.9935793
-0.27958205 -0.17377989 1.0624197
-0.1383617 -0.06783875 1.0512774
-0.020301517 -0.012770755 0.92513293
-0.31711018 0.06907949 0.9870321
-0.26105827 0.11190304 1.0141647
-0.12962903 0.18128109 0.9440826
-0.0069337934 0.18086836 0.7779975
-0.38263798 0.21035941 0.855396
-0.28116632 0.23176207 0.8486879
-0.23616639 0.30631056 0.71024346
-0.15174998 0.33256206 0.54868716
-0.4276694 0.386824 0.5940342
-0.4220882 0.43980813 0.44789574
-0.3234294 0.57421494 0.18380159
-0.35043833 0.6341792 -0.025619023
-0.55253357 0.67723066 -0.007499422
-0.4596267 0.74142975 -0.1584211
-0.29298186 0.8347284 -0.40756005
-0.25409472 0.8124668 -0.47005722
-0.42609152 0.8297216 -0.36373824
-0.48997304 0.7955083 -0.26053205
-0.05941592 -0.6099923 0.15885319
-0.086281046 -0.6051249 0.3211384
-0.00730389 -0.71569425 0.37882966
-0.027342405 -0.7424076 0.5154562
-0.10842188 -0.73047715 0.4021071
-0.1111293 -0.7129875 0.74657136
0.054735232 -0.62682104 0.6362336
-0.06660208 -0.5371616 0.85061413
-0.3209823 -0.45109272 0.92453337
-0.24937835 -0.31980762 1.0440524
0.025513805 -0.22434787 0.92471147
-0.0689373 -0.16076611 1.0330558
-0.31254554 -0.056363918 1.0050865
-0.2612787 0.017479258 1.0897388
0.02320863 0.099691235 0.91464746
-0.044066343 0.13940193 0.95218205
-0.33847767 0.16682054 0.9487338
-0.28550157 0.1991642 0.9700327
-0.012115145 0.22222918 0.7794695
-0.07024515 0.25188673 0.72686076
-0.3934034 0.28386948 0.7342026
-0.38255405 0.3452906 0.6991031
-0.23231521 0.42685702 0.4827926
-0.30498776 0.51130086 0.30875745
-0.54794955 0.57670265 0.20638877
-0.5306809 0.63148767 0.1020531
-0.3762036 0.69448775 -0.09757719
-0.28886774 0.77843076 -0.5393801
-0.3433869 0.80978847 -0.32745212
-0.34339437 0.8157584 -0.4994494
-0.29101223 0.77524155 -0.42129144
-0.3744053 0.8298386 -0.39937153
-0.05953398 -0.68676627 0.3795452
-0.1015683 -0.7161905 0.522425
-0.032019664 -0.7618336 0.6382283
0.02133315 -0.7699927 0.62984824
-0.07555421 -0.72283864 0.8061412
-0.13978042 -0.6637235 0.84870124
0.03287484 -0.6104342 0.8019929
0.07016374 -0.5000131 0.83272064
-0.24206266 -0.40974718 1.0265244
-0.22595462 -0.27990723 1.1250663
0.021960597 -0.23448026 1.0250773
0.062670246 -0.13052446 0.96913826
-0.24048881 -0.08781513 1.1246517
-0.1876894 0.011283549 1.1527541
0.039719943 0.07567994 1.0262296
0.089861214 0.1494297 0.8837677
-0.27362722 0.15060557 1.0544143
-0.22884586 0.20386589 1.0389999
-0.018823143 0.21913563 0.89663196
0.056649547 0.25157866 0.6981734
-0.36716515 0.27361494 0.8313806
-0.28006533 0.3123421 0.7400564
-0.16803172 0.39665923 0.57133925
-0.13817483 0.45574182 0.34216738
-0.51554036 0.51813835 0.30957773
-0.44866318 0.57038325 0.19177915
-0.30310997 0.6836025 -0.08299115
-0.20822603 0.7638478 -0.41492
-0.3657966 0.7837238 -0.27172405
-0.30202553 0.7670316 -0.24456236
-0.19846506 0.78325313 -0.4083676
-0.24593312 0.80484897 -0.34371966
0.0007947944 -0.6693006 0.3026899
-0.07433008 -0.6604267 0.47156328
0.011356939 -0.74942714 0.48888555
-0.052166764 -0.7641881 0.7164409
-0.028403416 -0.7386765 0.75882494
0.0042742565 -0.70710886 0.7686684
-0.11158778 -0.59024626 0.94085497
-0.16667974 -0.4933397 1.0151883
-0.13061753 -0.40400606 1.0869212
0.06853488 -0.34306616 0.972834
-0.1701894 -0.21147037 1.1220279
-0.18865936 -0.124659166 1.1509826
-0.13156757 -0.09671949 1.2203963
0.07589558 -0.03887351 1.0056529
-0.137431 0.07181582 1.1239095
-0.15285456 0.15963589 1.0509785
-0.18243906 0.13516922 1.1260194
0.037812643 0.19840579 0.86815095
-0.19417235 0.23161528 0.9659982
-0.2694193 0.25574142 0.9371892
-0.27249235 0.26997644 0.86963105
0.014991641 0.3167615 0.6375549
-0.35080922 0.36698452 0.61490166
-0.36131796 0.41353938 0.5313575
-0.44725823 0.4975254 0.39434054
-0.16882852 0.5411714 0.16116624
-0.41384557 0.63812494 0.09177846
-0.36228424 0.6840802 -0.032721248
-0.24682185 0.7638002 -0.22854987
-0.15581757 0.78164023 -0.34069255
-0.30250314 0.744101 -0.33319333
-0.26488975 0.7831609 -0.29304823
0.029779512 -0.68767583 0.4081177
-0.030672308 -0.72167385 0.58277774
-0.017139584 -0.6988491 0.8345339
0.023635618 -0.7452052 0.66556764
0.04752605 -0.67710644 0.80041194
-0.03893604 -0.6414724 0.8788166
-0.05265362 -0.534011 0.98807
0.0992976 -0.47694907 0.8677734
0.04033613 -0.37178198 1.0960891
-0.08965053 -0.30602604 1.1058142
-0.062115815 -0.24167947 1.1772182
0.12926227 -0.15302223 1.0374067
0.0670459 -0.070421465 1.2090049
-0.06787394 -0.012539482 1.1307821
-0.03614899 0.050071873 1.2095008
0.15417528 0.09765619 0.9670007
0.074526206 0.16959722 1.0862308
-0.1165555 0.19279754 1.0645394
-0.11531082 0.2061447 0.99975795
0.23103866 0.2275344 0.76087475
0.036693443 0.2527668 0.8288219
-0.20641159 0.26714742 0.82636
-0.28994116 0.33554754 0.6952868
0.0036921762 0.34232697 0.507576
-0.1544871 0.41507897 0.43790397
-0.31869504 0.49573308 0.3581402
-0.34999448 0.5635758 0.25559697
-0.15779588 0.65433973 -0.11681069
-0.22127725 0.71330863 -0.15257944
-0.2987072 0.7315602 -0.17015362
-0.1961653 0.73356956 -0.3374933
-0.20363763 0.7467945 -0.29408196
0.017850276 -0.6065049 0.26903746
-0.00079659186 -0.67580664 0.51251644
0.039678503 -0.7385488 0.5575288
-0.01333375 -0.7078906 0.67988837
-0.036497883 -0.6593778 0.7893002
0.08654708 -0.61082995 0.8129257
0.0042425394 -0.5574314 0.93791246
-0.06853406 -0.46045914 1.0027648
-0.022175925 -0.40402704 1.0662899
0.10608506 -0.30611214 1.0910671
0.014996227 -0.25270414 1.1281853
-0.059108455 -0.15855491 1.163445
0.014696632 -0.07694658 1.144824
0.13049214 -0.032702312 1.1166354
0.022112943 0.034384817 1.0936356
-0.042992253 0.10517961 1.1156092
-0.017137922 0.17402403 1.0332305
0.13634825 0.20297699 0.9803206
-0.069486395 0.21851826 0.9585471
-0.13681495 0.2614417 0.95273334
-0.11295785 0.24097247 0.86863744
0.03286192 0.26176482 0.7353659
-0.17166723 0.30495226 0.7038673
-0.22801574 0.37971318 0.58245856
-0.26678175 0.43008542 0.47603297
-0.17385168 0.47285584 0.3129426
-0.28265202 0.5740415 0.1748139
-0.27180552 0.66000134 0.026244838
-0.17385769 0.7014607 -0.28447136
-0.16780293 0.715718 -0.2061201
-0.28839153 0.67192453 -0.4269954
-0.26370806 0.7210162 -0.23695995
0.05353542 -0.6776726 0.4678134
0.048638854 -0.70595115 0.6211035
0.038785327 -0.71946734 0.6983436
0.059858825 -0.67932624 0.7329234
0.05787841 -0.63346547 0.88806844
0.039434593 -0.58234125 0.8816152
0.06612036 -0.53155136 1.0027046
0.03108843 -0.48847085 1.0060205
0.095556885 -0.41037425 1.0272849
0.04479428 -0.30920917 1.0625573
0.08077413 -0.21842258 1.1812592
0.044517744 -0.17537035 1.1492107
0.11783323 -0.11763362 1.111958
0.07691842 -0.029689362 1.0797036
0.10677993 0.048967496 1.1422031
0.031841476 0.10147908 1.1125623
0.15946296 0.14665456 0.99434894
0.008580159 0.19833748 0.97575533
0.08122468 0.22874518 0.93757993
-0.01723295 0.23426987 0.93600446
0.17232388 0.22431673 0.7985772
-0.09398194 0.26349348 0.7995071
-0.056031156 0.2846527 0.7105986
-0.14197649 0.34022406 0.62447846
-0.06340477 0.36021572 0.51375616
-0.21111436 0.45301008 0.35612008
-0.20782247 0.5315996 0.2410241
-0.23889184 0.60170454 0.09793482
-0.19522704 0.62823266 -0.020266622
-0.27499664 0.66103876 -0.0779277
-0.22661911 0.6631045 -0.20031081
-0.26270097 0.682586 -0.28328523
0.06916797 -0.64309627 0.37706563
0.008604143 -0.6503577 0.56217694
0.075270236 -0.6877081 0.52563286
0.016478207 -0.63024485 0.6740854
0.062065955 -0.6451846 0.7434037
0.074841455 -0.5750745 0.7918433
0.102322266 -0.53565514 0.9080879
0.07329044 -0.45794618 0.95116174
0.107549995 -0.40547958 0.94435334
0.12512676 -0.31194293 0.9734746
0.110428736 -0.22637266 1.0620906
0.075140074 -0.16062716 1.0563705
0.1256686 -0.10649137 0.99437785
0.15479897 -0.02629115 0.9901668
0.13518995 0.052318253 1.035464
0.06724334 0.11439841 0.9969875
0.14016774 0.1226971 0.9344058
0.15572862 0.1804543 0.8895439
0.18184602 0.22309868 0.8630719
0.018127508 0.24853398 0.83026314
0.14506641 0.233202 0.761516
0.09653263 0.26883575 0.73211265
0.07901147 0.3008848 0.6186298
-0.06895842 0.33768296 0.57482076
-0.048918795 0.39826992 0.44462118
-0.09582001 0.44220424 0.3689163
-0.12060261 0.53005344 0.23117001
-0.17356695 0.5869301 0.09459124
-0.23302223 0.6216602 0.021146815
-0.21654204 0.6753641 -0.0724472
-0.2745667 0.6193778 -0.3115367
-0.2591312 0.67007375 -0.16079637
0.06534991 -0.61807865 0.46864322
0.06175411 -0.6041728 0.5632402
0.044538725 -0.6598483 0.6197818
0.01656406 -0.5925923 0.6437249
0.06764728 -0.57035214 0.69272745
0.060177695 -0.50603586 0.7341803
0.06577253 -0.5210262 0.82571685
0.08244006 -0.4304706 0.83108175
0.07833257 -0.36516532 0.8835763
0.102785036 -0.26001835 0.86724615
0.12745477 -0.21129246 0.9518982
0.098759145 -0.14415072 0.8611816
0.10970493 -0.06397088 0.8919138
0.11053456 0.0043585394 0.84518325
0.09494415 0.036206625 0.93492925
0.09087299 0.08382236 0.8497219
0.17695206 0.14037281 0.8094416
0.13133086 0.15771213 0.77728987
0.09414281 0.18118732 0.8217958
0.09084071 0.19050226 0.7227156
0.19717702 0.25294605 0.660483
0.09385504 0.2751015 0.61917067
0.03958377 0.30924854 0.6042038
0.026002448 0.31361613 0.50442654
-0.015135219 0.39612716 0.38589907
-0.06739414 0.45944047 0.27835214
-0.13276666 0.4975418 0.16856486
-0.13070522 0.5417389 0.11630323
-0.15090029 0.57655084 -0.020785738
-0.19023994 0.6396901 -0.05090416
-0.26032317 0.6104327 -0.21393548
-0.22084494 0.5658892 -0.084150724
-0.021933679 -0.575818 0.26088932
0.011041034 -0.56626964 0.50935113
0.034897108 -0.60259855 0.4113349
0.017975595 -0.54860836 0.5886046
-0.022227645 -0.5660501 0.33128068
0.054575812 -0.49353057 0.6279733
0.0107437745 -0.4714252 0.46691552
0.0608725 -0.4105585 0.7440604
0.05132864 -0.34747213 0.6359367
0.06714991 -0.2722056 0.7728945
0.05847637 -0.19761828 0.7063145
0.07252471 -0.119663216 0.7812947
0.05191159 -0.082087085 0.6550666
0.078703925 0.002593482 0.7357149
0.037919294 0.038245134 0.6232797
0.056634087 0.07972963 0.7603644
0.06421587 0.08713059 0.6696535
0.11199793 0.14555697 0.70859385
0.0675704 0.16186677 0.6132508
0.023831438 0.20434757 0.65769887
0.019102108 0.20179813 0.5326357
0.07085201 0.28192598 0.52520645
-0.011429127 0.2961988 0.40697056
-0.025101606 0.34324557 0.39614537
-0.065085754 0.370016 0.2568342
-0.094130054 0.4599237 0.17197207
-0.14370027 0.45295808 0.032753333
-0.17496346 0.5241775 0.0248659
-0.28982043 0.50258857 -0.28524315
-0.20121191 0.60843235 -0.14778629
-0.22914559 0.55060005 -0.20829947
-0.22359404 0.49674195 -0.1511094
