0.84754604 -0.09599434 -0.15869683
0.6656203 -0.067300215 -0.12240762
0.6800387 -0.20338702 0.029567435
0.3814968 0.11189161 -0.10090038
0.63411915 -0.15186962 0.15787365
0.8319603 0.16405521 -0.114042684
0.5144366 -0.029417627 0.13856702
0.5159489 0.19949707 0.02581324
0.929289 0.12145428 -0.08262138
0.337685 0.14050174 -0.01786793
0.43851838 0.09852895 0.10720865
0.58127815 0.04202739 0.12442366
0.49447417 0.093909815 0.20010626
0.7309444 -0.0123615805 0.3653249
0.32691076 0.12399328 0.13019827
0.9175134 -0.18187606 -0.076101445
0.53518647 -0.07314412 -0.15105024
0.8466876 -0.18913653 -0.048095692
0.23094136 0.07954401 -0.0032532588
0.31939965 0.13297811 -0.14193165
0.7566261 -0.12728265 0.15161358
0.76492673 0.1847897 -0.06716785
0.78791285 0.0922825 -0.14473408
0.50926125 0.038449455 -0.17302169
0.44624823 0.00010495912 0.20318073
0.82851464 -0.035647996 0.2683822
0.2554707 0.16818625 -0.00849558
0.815341 -0.14615174 0.09679796
0.094360486 0.067185916 -0.04193844
0.6023003 -0.07097784 -0.102963604
0.21986097 0.069498174 -0.17139629
0.45387733 0.01882988 -0.13739742
0.65065575 0.116054475 -0.16422579
0.6216071 0.009914588 -0.14733599
0.78959715 0.026493127 -0.22086492
0.6449164 0.1303507 -0.071859345
0.89798915 -0.14243063 -0.040207203
0.5507248 0.09162256 -0.19336885
0.7618864 0.023075718 0.2293571
0.42638582 0.09846955 -0.13957368
0.32432163 0.07105341 0.098105185
0.4961002 0.10256429 0.0864426
0.51705307 -0.13094682 0.12899703
0.3706783 -0.056081153 -0.1480521
0.23859209 0.0019536791 -0.08180343
0.42293268 -0.08934592 -0.12892614
0.11545109 -0.09285 0.09794276
0.8618829 0.08171372 0.21028575
0.22023875 0.060371146 -0.10156991
0.9362569 -0.07206081 0.2148067
0.9528247 -0.17229527 0.0019527646
0.5498792 0.085106775 -0.11549811
0.4772805 0.15732855 0.03883542
0.46978998 -0.07210946 0.28680927
0.49070773 -0.09449075 0.17922561
0.89029646 -0.12415915 0.15747678
0.9181031 -0.05278061 -0.17569634
0.6333821 0.19440109 0.037634093
0.14051911 0.058216028 -0.13763541
0.8468385 0.05496927 -0.17751874
0.39881587 0.024766441 -0.15599029
0.5066542 0.14484954 -0.15578224
0.19631416 -0.098519534 0.037202045
0.3617742 -0.1420114 0.050322413
0.25826776 -0.0787999 -0.07280758
0.70065725 -0.045627885 -0.17871098
0.20417953 0.12974796 0.008999702
0.57952684 -0.014611325 0.24888498
0.62573224 0.15870783 0.11149138
0.3200217 0.023135204 0.23294225
0.7368235 0.17546949 0.08855144
0.762522 0.0631861 -0.1841628
0.2814185 0.017257262 0.1482897
0.7708104 -0.080354035 0.21829341
0.9079387 0.08767615 -0.20062533
0.5391022 0.0041338094 -0.14242417
0.7644156 -0.0353918 0.17664453
0.48791403 -0.061800197 -0.098893166
0.5492992 -0.06467351 0.20967886
0.46076947 0.18895537 -0.021567982
0.3993117 -0.10159192 -0.060467184
0.21211039 -0.031045195 0.11991289
0.938459 0.044299334 -0.16598845
0.0983809 0.013662555 0.15138678
0.5624865 -0.119088486 -0.10836762
0.34732383 -0.0007763209 -0.15355846
0.6947851 -0.11730235 -0.11223169
0.7898842 -0.081066445 -0.14505157
0.17521039 0.14980578 -0.06457057
0.91055506 -0.0003298066 -0.14572524
0.081149474 -0.052097205 0.12355196
0.7912475 -0.1947659 0.006963039
0.67477715 0.087555826 0.24392004
0.17821196 0.014481316 0.10605099
0.84942967 0.015205126 0.1563993
0.8976153 -0.0066467114 0.20573184
0.33864188 -0.16041026 -0.031839814
0.74691856 0.061633997 -0.23239435
0.61375064 -0.15717228 -0.040636327
0.47466648 -0.034381445 -0.14992182
0.14411123 0.01944309 0.050942842
0.34779325 0.16672233 0.018270008
0.75964516 -0.015240389 -0.1497483
0.71218604 -0.119273216 0.26997852
0.55188495 0.00797263 -0.19990721
0.72346383 0.11367495 -0.15430446
0.15202111 0.085146025 0.0057023633
0.37309682 0.15954223 -0.06480907
0.6311779 0.017476859 0.15683602
0.59611464 0.046911918 -0.18863451
0.11271696 0.1271961 0.00044565508
0.58647215 -0.04564978 -0.1456324
0.6607212 -0.106537834 0.17772663
0.6850785 0.149498 0.063715115
0.8166363 -0.11175378 -0.10363225
0.08400943 0.009750911 -0.0921229
0.40546715 -0.12401709 0.17674465
0.69854355 0.006394721 -0.15452749
0.82492214 0.10641985 -0.2045801
0.27655348 0.12603511 -0.076742485
0.69352794 -0.13588609 0.096796244
0.589688 -0.15410689 0.069908544
0.61987615 -0.056271926 -0.14791839
0.601944 0.13534379 -0.036769256
0.71625257 0.06668358 -0.12801884
0.54475427 0.16220841 -0.017109666
0.5938531 0.059551544 -0.16312017
0.708234 0.108085245 0.15731904
0.6649496 -0.17004798 -0.05632589
0.053549726 0.04246596 -0.06945192
0.6942187 0.11415387 -0.13522178
0.47897696 -0.1257311 -0.10731046
0.23766507 0.10535558 -0.06069531
0.7913918 0.19008882 0.027807858
0.26835757 -0.03730987 -0.15784654
0.56750286 -0.12240021 0.22099948
0.70375806 0.196869 0.008165435
0.28564912 0.12177776 0.052998386
0.22516961 -0.019967642 -0.12356329
0.60648763 0.15916692 -0.13076663
0.8058176 -0.032726757 -0.21700245
0.18489292 0.10175277 -0.11908805
0.2142847 -0.07706302 0.17021854
0.34211704 0.06205549 -0.11131193
0.68941927 -0.016001614 0.20054196
0.47216013 -0.07330394 0.10509154
0.3558812 0.053552702 -0.16033101
0.34412926 -0.06429115 0.21364117
0.13506228 0.08549249 0.061104514
0.4132594 0.1606484 -0.003885744
0.8650735 -0.044371676 -0.12528929
0.7750119 0.14744464 -0.13096698
0.47295153 0.07116372 -0.13324231
0.62993914 0.018248629 -0.26143828
0.43272692 -0.010727897 -0.20374471
0.4694935 0.033350915 0.14763314
0.6028398 0.16356184 0.040343087
0.12972909 0.09521946 -0.079014055
0.9453349 -0.12873878 -0.13828707
0.38394755 0.06698367 0.14623186
0.12155271 -0.034067918 -0.122406274
0.9054328 0.013201375 -0.31989393
0.83832383 0.101468965 -0.10842162
0.6043779 0.096691616 0.16927658
0.47429943 0.11811452 -0.07114573
0.69211954 0.17052421 -0.10662628
0.7371621 -0.057195652 -0.12528089
0.42225277 0.12313025 -0.038070768
0.7303662 0.120941125 -0.084796146
0.310054 -0.055680327 -0.112794295
0.864405 0.14767787 0.06741636
0.24581273 0.08767333 0.10169003
0.5347988 0.024024377 0.18051273
0.61697924 0.19524214 -0.019750413
0.71165055 0.027095845 -0.1968146
0.5555333 0.15176891 0.06431121
0.796762 0.14607 -0.05943121
0.79703325 0.003102017 -0.15578139
0.22647437 -0.15520382 -0.015445921
0.6141355 -0.054900005 0.15001705
0.8586287 0.18419057 -0.05114858
0.27974248 0.1174041 -0.030342769
0.49583232 0.15470119 -0.05495511
0.869554 0.10824098 -0.15481907
0.32548916 -0.030891445 0.12745987
0.5390724 -0.16875833 -0.07180694
0.93652 0.12550047 -0.14176771
0.28963447 0.039912008 -0.15476626
0.6518624 -0.066451885 0.23760587
0.42248285 0.06613415 -0.18030494
0.48151052 0.06614898 -0.20373183
0.6240403 0.09485021 -0.13267154
0.73279077 -0.11062866 -0.14643769
0.61714256 0.110459656 -0.20530233
0.20025465 0.057837833 0.14924443
0.7073608 0.020351378 0.12580837
0.7753967 -0.17620882 -0.09382993
0.537238 -0.1790748 -0.017188359
0.06680083 -0.057152405 0.016503176
0.8648247 0.0411912 -0.21587476
0.9008573 0.1309623 0.132311
0.53544164 0.18130754 -0.06486323
0.8028101 0.078829736 0.12566783
0.35418195 0.02448709 0.117592074
0.85914123 -0.1462487 -0.124280706
0.7882577 0.14779003 0.14678061
0.29285115 0.091836885 -0.14077076
0.66073465 0.09295047 0.10722396
0.38049054 -0.029659197 0.16901883
0.8976629 -0.09550913 -0.11531651
0.636263 0.18771604 -0.061090425
0.6933649 0.17552419 -0.019195586
0.56478065 0.13352393 -0.11045767
0.75479746 0.051379167 0.16636804
0.1657582 0.13839197 0.07736255
0.33124876 -0.12473331 -0.11228979
0.16867888 0.042835683 -0.0732327
0.6958072 0.087304816 -0.21576357
0.38245785 0.11023767 -0.17848422
0.8300977 0.17756537 0.020182272
0.27766258 0.039017834 -0.23839939
0.41479886 0.16898893 0.07980562
0.07894431 0.045104574 -0.12910089
0.39990255 -0.112536386 0.113688394
0.21619111 -0.01705547 0.2051923
0.8510736 -0.07873459 0.15441306
0.44056636 -0.141866 -0.07511145
0.15786941 0.009383621 -0.20239493
0.8267335 -0.12909475 0.20963657
0.6140609 -0.12421317 -0.104429536
0.7463972 0.16667077 -0.0108016655
0.8376045 -0.0039834585 -0.16473395
0.14645761 -0.11813526 -0.04732072
0.22239909 0.022059178 -0.14371975
0.4064722 -0.0195033 -0.11911625
0.65287447 0.040839337 -0.18288998
0.24279682 -0.1253499 0.09306002
0.3966817 0.13045555 0.046502914
0.0020247512 -0.019783258 -0.03016202
0.07915625 0.03225249 -0.02036779
0.516498 0.10130872 -0.15927136
0.30770427 -0.093767494 0.14773744
0.45333683 -0.16661447 -0.02229537
0.92717904 0.16367313 -0.02884261
0.17419735 -0.061539784 -0.088986136
0.5285183 0.12775016 0.12789382
0.027686672 0.040550377 0.058582634
0.7531733 -0.13440205 -0.06264581
0.12698106 0.008970121 -0.05701159
0.09137891 -0.04773284 -0.051735744
0.21447963 -0.08439931 -0.12872571
0.73083246 -0.17730218 -0.042419232
0.24686563 -0.14900935 -0.09111858
0.30186227 0.15325344 0.067240946
0.45942166 0.13490514 -0.12125702
0.039002433 0.017579354 0.058462333
0.7907876 -0.08156458 -0.0690673
0.8959606 -0.12498527 -0.059054505
0.83254844 -0.081136726 0.05945264
0.7782449 -0.08446834 0.11650397
0.6273114 -0.107194744 0.011601581
0.5714589 -0.10291304 0.09117817
0.4761808 -0.09056177 -0.010176032
0.4375223 -0.0963427 0.08821892
0.31058946 -0.106077656 0.0029190434
0.3169405 -0.08593582 0.09208335
0.23930223 -0.095328696 0.00791679
0.25918913 -0.08014044 0.102068484
0.17700341 -0.07047145 -0.008651512
0.1888699 -0.04621087 0.07618911
0.12050586 -0.024298683 -0.0022564204
0.16538379 0.0029212954 0.067317955
0.15234298 0.022967193 -0.0014640586
0.21230702 0.032839052 0.062077086
0.21114403 0.030202381 -0.023696113
0.274824 0.02465048 0.05061341
0.2700804 0.063355155 -0.029776629
0.32695007 0.058884263 0.07039258
0.34876794 0.04812307 -0.052353654
0.4375865 0.022194695 0.05493437
0.45867825 0.07216391 -0.045808274
0.541811 0.05216267 0.07440263
0.57614803 0.056841068 -0.06020737
0.65946096 0.021017708 0.046816114
0.66041034 0.079968706 0.010045226
0.73955864 0.08689099 0.06669923
0.79095155 0.09129935 0.0047057485
0.7067793 0.075794466 -0.020604968
0.79806507 -0.14488432 -0.076295756
0.83970493 -0.14008872 0.010678513
0.85219204 -0.13562277 -0.13265383
0.75253695 -0.1314842 -0.0347024
0.7008467 -0.09276111 -0.14518464
0.5435722 -0.10181299 0.034010828
0.4618914 -0.09351297 -0.0017586472
0.41582543 -0.0970627 0.00927676
0.3487607 -0.09359332 -0.011566513
0.29992002 -0.08611309 0.029036187
0.25703245 -0.091672696 9.269081e-05
0.21543437 -0.0920478 0.032262854
0.19851464 -0.08952238 -0.014485844
0.17650175 -0.076208726 0.063613035
0.16182213 -0.072145954 -0.012533934
0.1736857 -0.04693047 0.027881492
0.23030566 -0.045172814 -0.058791827
0.25069028 -0.030861054 0.102809384
0.29097155 -0.05748549 -0.0010289568
0.32667038 -0.043151326 0.05351766
0.3700866 -0.07581473 -0.05660015
0.3908555 -0.054588325 0.10468259
0.46015334 -0.09770831 -0.0148346415
0.50646424 -0.057228178 0.07316988
0.596511 -0.11133223 -0.09625247
0.6065078 -0.07426839 0.12391575
0.67246616 -0.12584393 0.0029838858
0.71324754 -0.076852515 0.07720768
0.80680346 -0.12696199 -0.049298983
0.7833131 -0.06668254 0.1331927
0.81998646 -0.087953985 0.049511503
0.7525043 -0.014441227 0.058046427
0.7269868 -0.11659525 0.021803528
0.7855734 -0.12368322 0.059466396
0.71126205 -0.10510042 -0.055915833
0.70151836 -0.0998793 0.0987156
0.5778788 -0.0830202 -0.07949734
0.5379178 -0.077231646 0.04316038
0.414299 -0.070585355 -0.075813055
0.37742049 -0.07212265 0.040548857
0.27849734 -0.087877005 -0.059573095
0.2825542 -0.0741305 0.049311217
0.20709203 -0.08031292 -0.06850585
0.23249714 -0.06157658 0.046187393
0.15557158 -0.04640305 -0.077683195
0.17523189 -0.01861807 0.02172979
0.11822076 -0.0050017256 -0.07057463
0.14045247 0.0148823885 0.05930796
0.12211618 0.023145322 -0.05295484
0.1762917 0.054878503 0.027637452
0.1769294 0.053033568 -0.07545616
0.22127426 0.07418472 0.058332242
0.2292539 0.07720771 -0.05744115
0.2939105 0.08723884 0.017295208
0.31194445 0.07549482 -0.10028884
0.37069798 0.09683837 0.051451918
0.398176 0.08673967 -0.0664676
0.49656355 0.08969193 0.02567935
0.51833975 0.07851357 -0.11207607
0.5986249 0.10408648 0.04587744
0.6299141 0.093503065 -0.06208695
0.72443384 0.12079925 -0.004117728
0.70181185 0.1073382 -0.083492905
0.75982916 0.09480379 -0.084215745
0.7267532 -0.14075552 -0.067186534
0.6970039 -0.13812058 0.003195257
0.64986986 -0.12547004 -0.09443725
0.5963528 -0.11357231 -0.026730958
0.545716 -0.10057055 -0.079457015
0.4759674 -0.10481351 -0.017348032
0.39283478 -0.090013586 -0.042205002
0.33139265 -0.09420315 -0.0029019183
0.27259916 -0.092017345 -0.06818627
0.23586954 -0.08983302 0.040188484
0.21156271 -0.09345425 -0.04371937
0.17980228 -0.081784934 0.037419975
0.16092367 -0.07731557 -0.070842594
0.13525492 -0.067686066 0.0940851
0.124652684 -0.06261787 -0.058083568
0.10245892 -0.033392143 0.06343389
0.16016287 -0.019095216 -0.081258595
0.18765599 -0.0080862185 0.09290306
0.21796605 -0.011634223 -0.01979259
0.25659233 -0.0030399011 0.088883914
0.28474867 -0.03477254 -0.06544653
0.34243995 0.009462726 0.087424554
0.37926483 -0.045890614 -0.026319232
0.4390087 -0.006308512 0.13701761
0.4976868 -0.05610311 -0.090272196
0.5599415 -0.0026809191 0.12671968
0.6297131 -0.0657633 -0.025862303
0.6780211 -0.020111602 0.1557686
0.729695 -0.06865642 -0.068348676
0.73897165 0.014929985 0.16678567
0.8311365 -0.039346375 -0.026375879
0.8320751 0.0187474 0.13485962
0.63312584 -0.11955125 -0.018311914
0.65578514 -0.112399094 0.045566715
0.5515297 -0.11987244 -0.019492798
0.528559 -0.11635307 0.056357484
0.4413017 -0.117893755 -0.011633054
0.38022828 -0.11062994 0.01246081
0.35194635 -0.10545932 -0.026747499
0.3093573 -0.103066735 0.020954166
0.26413256 -0.11033852 -0.03444509
0.2422801 -0.085430555 0.03046716
0.21408466 -0.09272317 -0.061121944
0.18474275 -0.062883995 0.045360275
0.14594874 -0.063178636 -0.04520056
0.1090036 -0.024508748 0.052937236
0.095574915 -0.021316165 -0.047132105
0.082799695 0.009046012 0.05779742
0.0980725 0.02948939 -0.025963094
0.124460265 0.05297094 0.055313777
0.15474355 0.074250616 -0.056218933
0.17429683 0.07772764 0.0006139679
0.20843983 0.09407236 -0.04626119
0.24225187 0.10123608 0.015466363
0.2819091 0.09583677 -0.05872542
0.31384057 0.10883405 -0.005970982
0.36150652 0.09956027 -0.02178204
0.42257655 0.11660122 0.030462269
0.48673195 0.10673952 -0.017653424
0.581677 0.116175435 0.0039747125
0.62245786 0.103262044 -0.024907928
0.70252115 0.12329655 0.036626764
0.7407827 0.12547056 -0.0071309963
0.8303439 0.1261426 -0.09426316
0.6639319 -0.1425022 -0.05461294
0.623626 -0.13192075 0.004345271
0.6152677 -0.13528275 -0.081451565
0.5284246 -0.13480698 -0.016725637
0.48165613 -0.12401993 -0.06692289
0.4239843 -0.12628362 0.013082172
0.4032066 -0.11743486 -0.04806347
0.36486363 -0.11633953 0.0028309962
0.36193973 -0.1090955 -0.09073214
0.32884735 -0.09601552 0.06632852
0.3073712 -0.097695254 -0.07959604
0.2824568 -0.076802984 0.072360665
0.25271118 -0.083973475 -0.10450041
0.22078589 -0.051086135 0.120464616
0.19994965 -0.06008949 -0.11813073
0.15846449 -0.0156135075 0.13183239
0.15558678 -0.011357918 -0.15165934
0.15504725 0.031093836 0.11999759
0.20287177 0.01609429 -0.085554115
0.24261169 0.046759427 0.10211779
0.27535665 0.032463998 -0.0947704
0.29405826 0.057676375 0.1053015
0.33959317 0.0145299 -0.08397985
0.38761693 0.05968166 0.115668066
0.4685827 0.04226638 -0.06723607
0.5360343 0.05917663 0.13052501
0.57717335 -0.0027631884 0.013572213
0.6556274 0.054700546 0.14015715
0.71151733 0.005856511 0.01998227
0.7669 0.067743756 0.13020752
0.8711454 -0.0074622696 0.069912106
0.8312457 0.06765323 0.17130211
0.7023965 -0.12778534 -0.032835778
0.70831746 -0.10742103 0.029847067
0.63995665 -0.12073487 -0.063910216
0.56918955 -0.13362962 0.05005675
0.5183851 -0.14258629 -0.04249936
0.48800063 -0.12127391 0.030499216
0.46719968 -0.12718871 -0.10236037
0.42303544 -0.12190756 0.04609713
0.39974946 -0.12198686 -0.08400075
0.37331152 -0.10040868 0.06964341
0.35512298 -0.10834663 -0.118905574
0.33360225 -0.08186583 0.10810227
0.3035524 -0.06908612 -0.109643355
0.28069022 -0.023630515 0.11395402
0.25884622 -0.018306397 -0.13878953
0.2243335 0.02047566 0.12841561
0.2053627 0.031589385 -0.12762263
0.20900065 0.0707516 0.07612123
0.25013027 0.06735142 -0.121769056
0.28856683 0.09323643 0.054595716
0.3111685 0.09959563 -0.11771921
0.344522 0.117028706 0.008989326
0.39448118 0.1122547 -0.11511083
0.39581108 0.12211067 0.053591903
0.45570105 0.13068523 -0.060755786
0.5089034 0.1469936 -0.0034342129
0.6167535 0.12561224 -0.089192495
0.67297494 0.14493 0.005825476
0.6929539 0.13049784 -0.043238107
0.7508566 0.14334318 -0.007330927
0.7774034 0.13969561 -0.07305664
0.8366187 0.13129357 -0.0066106413
0.7484774 -0.14956787 -0.059790295
0.7192839 -0.14778094 0.0022008056
0.72217834 -0.15435503 -0.10815258
0.65244365 -0.14807367 -0.019713115
0.64959073 -0.14017296 -0.118198335
0.594026 -0.13953541 0.030776814
0.56201315 -0.13880847 -0.081527956
0.49374354 -0.13965614 0.017084382
0.49366748 -0.112357385 -0.14597853
0.44515967 -0.11896389 0.07256034
0.4316786 -0.10876594 -0.10887863
0.42515546 -0.08816155 0.07982488
0.40071082 -0.08290634 -0.144746
0.3870527 -0.06179629 0.11582592
0.35506636 -0.06459212 -0.13273636
0.3427198 -0.018138278 0.1341532
0.30866796 -0.018929608 -0.16858831
0.30278373 0.029254884 0.13725276
0.3470688 0.012852008 -0.13174315
0.38671422 0.063830875 0.13482992
0.4181229 0.043731567 -0.14470948
0.43854785 0.1014934 0.12302499
0.48931795 0.044698745 -0.1266999
0.50114655 0.112098046 0.10941431
0.5778859 0.08026208 -0.1526204
0.5983853 0.12765807 0.10284261
0.65492624 0.075764425 -0.08007009
0.71606135 0.1267416 0.09803567
0.760284 0.093468 -0.13715313
0.7844781 0.12381049 0.11065115
0.8545287 0.05218316 -0.0028443197
0.84732306 0.09666055 0.08975212
0.7914619 -0.15440212 -0.034961842
0.80789423 -0.13097495 0.00095908437
0.7681219 -0.14636528 -0.07615279
0.7375807 -0.16405684 0.01547064
0.6969499 -0.16513574 -0.068350285
0.65495616 -0.13417609 0.03156016
0.6068209 -0.1425501 -0.11132561
0.53165424 -0.13912274 0.05354084
0.50889295 -0.13679193 -0.08656274
0.49501395 -0.110813215 0.0808834
0.48402077 -0.11967706 -0.131484
0.46341884 -0.07849559 0.1062348
0.43201804 -0.084561445 -0.10965313
0.42509884 -0.029933948 0.12107478
0.39428443 -0.026519803 -0.14671406
0.35354394 0.02304101 0.11606897
0.31611973 0.051446162 -0.14166553
0.32588 0.08352237 0.09647659
0.37968934 0.091328464 -0.16047177
0.37535602 0.118448906 0.05560174
0.42488593 0.11791944 -0.13283634
0.48501873 0.13702196 0.05766962
0.5456549 0.120360635 -0.13218716
0.5621706 0.15007237 0.030760761
0.6030691 0.141514 -0.0631403
0.6647355 0.16439629 0.035009027
0.7061071 0.15458992 -0.086844236
0.7232207 0.17294532 -0.022991963
0.76131636 0.16141309 -0.08640521
0.7804021 0.15891597 -0.006152169
0.7931262 0.16386151 -0.050874993
0.82313734 0.15319385 -0.074663974
0.81515807 -0.17769307 -0.08267521
0.79697204 -0.16576862 -0.013981844
0.8089146 -0.19245654 -0.12485981
0.76462394 -0.18591239 -0.04820758
0.77547103 -0.18168229 -0.14002462
0.7315384 -0.17341396 0.026835844
0.7255875 -0.16528404 -0.105116956
0.6616674 -0.15072682 0.014331528
0.6709363 -0.13821933 -0.15111673
0.6056205 -0.13872796 0.071849614
0.5995698 -0.13394855 -0.12321541
0.5551687 -0.10747883 0.08568129
0.5539826 -0.10173251 -0.16065891
0.5008467 -0.08062169 0.14197375
0.5044489 -0.0831908 -0.12303445
0.48068136 -0.03043333 0.15303814
0.46406645 -0.033673417 -0.17857444
0.44513816 0.016025595 0.16074796
0.5483296 -0.02030978 -0.14742318
0.5700156 0.048535123 0.14709884
0.6201119 0.020616926 -0.17700353
0.6065845 0.101772435 0.15160842
0.66507065 0.013689102 -0.12998709
0.6642673 0.13019702 0.114705026
0.72945553 0.055794485 -0.15949872
0.7266224 0.15107264 0.084454685
0.7791277 0.035628855 -0.0939621
0.76269996 0.16439092 0.046979755
0.8428213 0.08112112 -0.06969047
0.82354236 0.1550149 0.04579142
0.91779464 0.08748502 0.08146098
0.87313294 0.13249236 0.10626842
0.8397975 -0.17632838 -0.053472664
0.840241 -0.15024513 -0.021978144
0.83698815 -0.174573 -0.11154768
0.80681056 -0.18563166 0.014474033
0.80349493 -0.17275845 -0.119206056
0.7830489 -0.14600836 0.039088596
0.7861587 -0.14577423 -0.18973398
0.70091623 -0.14248133 0.054741092
0.69804007 -0.12819766 -0.13922867
0.64595455 -0.10685871 0.080757245
0.6521298 -0.123167284 -0.16947547
0.5875773 -0.08173233 0.12314796
0.59003466 -0.09482372 -0.14436242
0.55313265 -0.05015307 0.1417571
0.5749066 -0.037452396 -0.19493869
0.5359218 0.017806094 0.15961587
0.51812273 0.03153065 -0.19758749
0.52452594 0.08210972 0.11448111
0.6143598 0.07553572 -0.2066817
0.60801816 0.11271729 0.10289293
0.62969226 0.11518631 -0.16948749
0.6238707 0.1523779 0.054550935
0.72116345 0.10787414 -0.16518274
0.6971242 0.1645801 0.061236408
0.7480882 0.14550492 -0.12267363
0.7556028 0.18829681 0.0018001022
0.79673105 0.15501559 -0.1570561
0.7932617 0.20843768 -0.060110953
0.80077946 0.18392737 -0.09579216
0.81957036 0.19850542 -0.033765804
0.8448937 0.18294358 -0.09248847
0.87238294 0.17634907 -0.047239613
0.85330933 -0.22032097 -0.095102146
0.8327462 -0.20756963 -0.021208756
0.84724337 -0.228928 -0.13332212
0.8191026 -0.22861454 -0.05059479
0.85739684 -0.20502344 -0.20186923
0.7993459 -0.20561725 0.046789072
0.8188955 -0.19284315 -0.1594141
0.76366526 -0.17332774 0.035938505
0.8129509 -0.13873623 -0.22366484
0.7148368 -0.14144899 0.09125419
0.7485199 -0.14084524 -0.13837688
0.6812712 -0.099122725 0.10656956
0.720884 -0.10627546 -0.19079965
0.6292966 -0.071764745 0.16378205
0.6901222 -0.100034855 -0.09509346
0.6263611 -0.021065611 0.16846234
0.68624884 -0.052345973 -0.1986931
0.5993964 0.028273448 0.18879023
0.7410812 -0.050462 -0.1391917
0.68854445 0.052899085 0.16036789
0.7547079 -0.012834303 -0.19257843
0.6726407 0.11693131 0.15193164
0.8007295 0.004494638 -0.1677086
0.7885465 0.13795519 0.09711418
0.84160006 0.05410789 -0.235562
0.78733003 0.16074806 0.056291096
0.8450171 0.0715533 -0.18339884
0.8250372 0.17490678 0.017085608
0.8620425 0.12749639 -0.15849523
0.8471298 0.1985426 -0.013986667
0.89438844 0.13855033 -0.04570352
0.8843508 0.16081391 0.0058738673
0.8708661 -0.213562 -0.06816569
0.8736266 -0.18374106 -0.047337204
0.877378 -0.1947307 -0.13073654
0.8467896 -0.21053517 0.0052025495
0.86279136 -0.18248016 -0.13962337
0.8467425 -0.1618247 0.04331528
0.85942775 -0.15378451 -0.20508493
0.8012317 -0.14659716 0.07261143
0.8053741 -0.12649411 -0.16441722
0.75853366 -0.10179207 0.07815619
0.7862437 -0.10328026 -0.1905809
0.74200433 -0.07226009 0.114877306
0.77017796 -0.06775586 -0.1570317
0.73026705 -0.037911944 0.13822216
0.7670192 0.0015489487 -0.208211
0.7216799 0.023718838 0.1491586
0.743862 0.056762643 -0.19896403
0.72537977 0.08127836 0.1987217
0.80056214 0.10014156 -0.23879227
0.766709 0.12238919 0.12853579
0.78998524 0.11903954 -0.1823507
0.7468838 0.17219326 0.12511279
0.83279544 0.15202567 -0.1948156
0.8068708 0.1917836 0.058316853
0.8460207 0.16947335 -0.14659731
0.80352515 0.21171875 0.0046314625
0.84141654 0.20050149 -0.13827261
0.83111274 0.23409015 -0.04124535
0.8747125 0.21317592 -0.1591814
0.85208184 0.22614118 -0.06481639
0.85993844 0.22928306 -0.083233096
0.88237697 0.20120081 -0.04570009
0.888722 -0.2555028 -0.11207386
0.86855763 -0.25030226 -0.02453465
0.8884811 -0.26545218 -0.14216487
0.8646651 -0.27993336 -0.05669711
0.9008209 -0.25731084 -0.18236771
0.8513272 -0.24632305 0.05045338
0.8563308 -0.22298455 -0.13581973
0.8242276 -0.19445583 0.076702386
0.8621903 -0.18855801 -0.18687522
0.79373616 -0.16617274 0.12926805
0.8144674 -0.17513862 -0.115997545
0.7901715 -0.11118541 0.14752647
0.8137981 -0.13413185 -0.15862869
0.76467055 -0.06622577 0.18969578
0.8242422 -0.11280588 -0.07715382
0.7836135 -0.022598412 0.1589965
0.81789017 -0.06750598 -0.20501837
0.7619923 0.028077804 0.21044941
0.8437503 -0.05397036 -0.13999301
0.8063449 0.06284166 0.15761897
0.838726 -0.010515527 -0.18566605
0.8009924 0.12850803 0.16605015
0.8660602 -0.011876334 -0.13404618
0.85436875 0.14560002 0.09229572
0.86936694 0.051054426 -0.17818862
0.84980446 0.17251374 0.038667362
0.89778835 0.06804855 -0.13194075
0.8893153 0.19174066 0.0013310751
0.90587765 0.1454373 -0.13049684
0.87254035 0.22894028 -0.02444543
0.9201928 0.15154797 0.0027506547
0.9030879 0.18958926 0.03340503
0.9015996 -0.23246786 -0.08054851
0.8927186 -0.19431743 -0.022728324
0.90940374 -0.23011294 -0.15901583
0.8751603 -0.23277411 0.03841996
0.89244676 -0.18911445 -0.19223619
0.8699159 -0.17923245 0.07364925
0.889242 -0.16182262 -0.25454378
0.83953387 -0.15869978 0.12152132
0.86506015 -0.115733564 -0.23226656
0.8230924 -0.10878784 0.12522706
0.84764165 -0.08979481 -0.26760948
0.82856727 -0.07227775 0.16164239
0.8375282 -0.033683803 -0.23479131
0.82519215 -0.03390995 0.1456031
0.84274024 0.032505985 -0.3167158
0.8368255 0.028167482 0.17194572
0.82072216 0.06812445 -0.24099745
0.83255357 0.082265824 0.1500178
0.8561043 0.109357394 -0.3089196
0.85351545 0.14184326 0.16091996
0.85173815 0.13016522 -0.22881143
0.8245193 0.19086564 0.11706147
0.8741929 0.16754186 -0.25937152
0.8431558 0.23231319 0.07963846
0.8726796 0.19337036 -0.18833782
0.8511318 0.25797677 0.014242257
0.89328015 0.25981784 -0.20188272
0.8800524 0.28372002 -0.079289824
0.86140496 0.24007967 -0.13151312
0.8508053 0.2657982 -0.030760106
0.9036272 0.25917414 -0.12276006
0.89237744 0.24073541 -0.07849969
0.9068578 -0.27925834 -0.10901661
0.8891021 -0.26424333 0.0024265405
0.91135985 -0.29133013 -0.14742345
0.8877166 -0.29417804 -0.04670796
0.9292251 -0.24627858 -0.24739367
0.8702125 -0.24613291 0.08840768
0.90122086 -0.24827896 -0.1831286
0.86307806 -0.20734707 0.12060742
0.9085503 -0.17453542 -0.28802958
0.83739954 -0.16526273 0.19021213
0.8754032 -0.17693828 -0.1743202
0.8521425 -0.11205093 0.20961982
0.8837145 -0.12407493 -0.29581285
0.83005375 -0.07508314 0.2536225
0.8612438 -0.10692311 -0.17920649
0.84459156 -0.019167585 0.22473107
0.87602484 -0.036352925 -0.2959134
0.8162548 0.04815858 0.267697
0.8640651 -0.03014946 -0.21353334
0.8500332 0.085093684 0.21653168
0.8836908 0.0004965523 -0.27894345
0.83697104 0.1478082 0.21103027
0.8833315 0.01275186 -0.20105498
0.8826633 0.18210953 0.10050436
0.88622004 0.06045638 -0.27107984
0.8910332 0.19702439 0.039983857
0.92142725 0.12267374 -0.18436393
0.8962964 0.22286734 0.0019225543
0.92212164 0.1933457 -0.15922186
0.88684815 0.2655796 -0.017310303
0.9181859 0.20902638 -0.1135835
0.9124678 0.23765847 -0.022594128
0.91953087 -0.2565399 -0.055923827
0.9135385 -0.22030783 0.0058274074
0.9321466 -0.26005515 -0.14208414
0.8994952 -0.2381268 0.046303954
0.92619914 -0.21936946 -0.16437212
0.89115083 -0.18668923 0.054579902
0.930383 -0.17896417 -0.20197584
0.8824188 -0.15353553 0.12355341
0.9108936 -0.1443047 -0.16094479
0.8800964 -0.09308959 0.07245225
0.90721196 -0.09855519 -0.2012595
0.88289756 -0.059306137 0.1703259
0.9069025 -0.006325461 -0.21023849
0.88197917 -0.0151756285 0.07921346
0.89392954 0.048587807 -0.19837847
0.8870924 0.037959505 0.16225757
0.8984869 0.09617531 -0.27380982
0.8766454 0.08356357 0.10268241
0.8734202 0.102579646 -0.23251967
0.8903976 0.13197356 0.12966706
0.8894231 0.1505265 -0.2609632
0.8745251 0.20373976 0.1811783
0.8838481 0.19576004 -0.18772711
0.8834803 0.24363491 0.10219371
0.91523904 0.22313932 -0.23016271
0.86582875 0.27984968 0.09406699
0.9102613 0.24713445 -0.1706515
0.8837185 0.3069981 0.03296032
0.92281616 0.29432932 -0.16049725
0.89693147 0.30981255 -0.047896635
0.9212946 0.3115544 -0.08485281
0.92105186 0.26738724 -0.052880358
0.93128896 -0.2956422 -0.093828
0.9107133 -0.28079042 0.01659849
0.9423873 -0.3091567 -0.1259966
0.920765 -0.2970728 -0.042233095
0.96291035 -0.29294476 -0.1693539
0.89623654 -0.25248098 0.08568082
0.94637007 -0.2631915 -0.17700028
0.88368577 -0.20608994 0.14510873
0.9265721 -0.2093353 -0.108573474
0.87050074 -0.16288003 0.19682752
0.93255776 -0.21448895 -0.22127993
0.8767566 -0.102320604 0.22358228
0.88003844 -0.121252924 -0.05443956
0.8605916 -0.0690799 0.26233953
0.9117765 -0.13096395 -0.24559993
0.87455904 -0.017015662 0.24468833
0.8931915 -0.037718963 -0.11684874
0.86516625 0.029249884 0.25016466
0.9103016 -0.06799872 -0.26873073
0.8761917 0.08053601 0.23883201
0.9058769 0.007416659 -0.07641395
0.8791833 0.12820686 0.20303434
0.92280924 -0.038878486 -0.23119026
0.90180695 0.17228544 0.16291314
0.93506557 0.064671114 -0.14467973
0.90581965 0.1983569 0.07043138
0.947624 0.08157428 -0.20376623
0.9207353 0.23099062 0.015821863
0.9546127 0.1532523 -0.14873463
0.90996104 0.295307 -0.0197302
0.9491367 0.16195557 -0.08572928
0.932391 0.24523365 -0.0057666423
0.94831413 -0.28156 -0.05449603
0.9251891 -0.2384688 0.040400397
0.98724693 -0.2456104 -0.15198755
0.9268589 -0.23766415 0.08516985
0.98716533 -0.15806477 -0.16638671
0.91819924 -0.18415703 0.1165433
0.9750799 -0.12909548 -0.22373484
0.9098946 -0.15045235 0.1803426
0.97748476 -0.111809485 -0.16601881
0.8975787 -0.10898966 0.1684656
0.9685148 -0.06696982 -0.2103984
0.895478 -0.058885235 0.22934568
0.97783643 -0.006968016 -0.22936203
0.89049715 -0.0036146594 0.17431903
0.9408482 0.0537559 -0.3026656
0.8978015 0.035520934 0.22528392
0.9640185 0.0462218 -0.22376549
0.8957092 0.09057027 0.16879062
0.9334055 0.116143025 -0.31704697
0.9105459 0.14915872 0.20004137
0.955266 0.10797934 -0.24194586
0.9205299 0.19263402 0.12935649
0.94354004 0.18707421 -0.31587654
0.907659 0.24999115 0.18138237
0.94533056 0.1879366 -0.23843133
0.90541536 0.30536225 0.10309227
0.9460531 0.28228173 -0.23110324
0.9326704 0.33990583 0.01738029
0.9348069 0.27351508 -0.13586819
0.92675954 0.33310905 -0.02340274
0.95401984 0.31620243 -0.10517183
0.9376329 0.27715033 -0.08292158
0.9707123 -0.30882385 -0.09591948
0.9462481 -0.29509422 -0.021945767
0.9900939 -0.30138692 -0.13737796
0.9427871 -0.27999744 0.03933228
0.9851731 -0.25081962 -0.19445488
0.916902 -0.23347493 0.13968606
0.991163 -0.20434517 -0.16071695
0.91750115 -0.19015807 0.20713936
0.97222584 -0.18496203 -0.24935171
0.8848676 -0.1604197 0.27901086
0.9853381 -0.15558562 -0.2173881
0.90769476 -0.10949183 0.298025
0.9617493 -0.13825096 -0.30436838
0.87681574 -0.061503746 0.36948416
0.9842188 -0.09248798 -0.2569505
0.9067727 -0.008104529 0.3190838
0.9497381 -0.066457145 -0.3572355
0.8768721 0.05609175 0.350792
0.98602116 -0.024925463 -0.2570813
0.90886587 0.11739751 0.2870373
0.951406 0.013734543 -0.3433699
0.8921738 0.16005695 0.2850803
0.9755143 0.040684156 -0.29326424
0.91948164 0.20289984 0.2183075
0.95430946 0.098933056 -0.37347102
0.90917164 0.25529554 0.1194206
0.96748596 0.14983864 -0.18753763
0.92261416 0.2873929 0.06560837
0.9697985 0.19158617 -0.18455875
0.90977055 0.30713227 0.04217124
0.9696164 0.21127285 -0.12041496
0.9408432 0.3001568 -0.01358047
0.9813754 -0.27503383 -0.10591034
0.98899657 -0.26320818 -0.009828773
0.9949681 -0.22144517 -0.107496664
0.99528766 -0.1994895 0.022769697
0.99547595 -0.16948271 -0.104235806
0.9881751 -0.14168805 0.072633035
0.98704493 -0.11740721 -0.08556866
0.97991955 -0.12008195 0.12877026
0.98485124 -0.07554969 -0.14463371
0.9876764 -0.06694313 0.13093783
0.98962563 -0.03342545 -0.092422545
0.9748983 -0.039806873 0.15832056
0.9913108 0.0010344693 -0.15717027
0.9938374 0.014290283 0.11821141
0.9889435 0.05448751 -0.10687789
0.9718871 0.0513727 0.15430593
0.9823516 0.07313102 -0.17760164
1.0153868 0.1209416 0.09178348
0.982956 0.12609497 -0.13848351
0.9714113 0.14518073 0.14689472
0.9809944 0.14949548 -0.24774095
1.0025642 0.1906666 0.06268873
0.9905095 0.21036488 -0.13651758
0.9654892 0.24329281 0.14203566
0.9795866 0.22616486 -0.20889372
0.95042783 0.2809748 0.1112969
0.9876507 0.24957883 -0.11856103
0.94210815 0.31973323 0.05531598
0.9749581 0.2948079 -0.17135747
0.9870859 0.32377234 -0.08793622
0.9521798 0.33849964 -0.041942045
0.9715689 0.27838027 -0.10993093
0.9778746 -0.28248313 -0.043544132
0.97337395 -0.27335885 -0.0060835006
0.9882028 -0.2947818 -0.05834097
0.99381286 -0.22553751 -0.09561503
0.98799485 -0.2584083 -0.049479213
0.9629696 -0.21197833 0.13824597
0.98765415 -0.22319373 -0.015935082
0.9717171 -0.18165702 0.19330671
0.9677487 -0.17088655 0.013938929
0.95434755 -0.14067091 0.2610761
0.96722066 -0.14937156 -0.043018814
0.9746574 -0.0925047 0.27177584
0.91839874 -0.109717615 0.0501958
0.94768137 -0.04893651 0.31527895
0.95268875 -0.06786124 -0.02822899
0.97413844 -0.005585607 0.2649767
0.88698775 -0.017148517 0.036100235
0.94302815 0.05459366 0.29027283
0.95679855 0.009680769 -0.049025387
0.975738 0.09942519 0.22851709
0.90962154 0.078056626 0.040578697
0.94897956 0.14812076 0.24104708
0.9669258 0.08508027 -0.048379876
0.9672871 0.17748512 0.18332016
0.94808215 0.14292997 -0.023828749
0.9440494 0.22551423 0.12528343
0.9694375 0.14602152 -0.07972565
0.9668129 0.2602048 0.07111135
0.9735506 0.1948317 0.0023119794
0.9518996 0.31716678 -0.006742575
0.9791594 0.22923106 -0.073687464
0.94682294 0.26292348 0.057484236
0.99077874 -0.22362283 0.030204408
0.99736696 -0.22815038 0.063680544
0.9917303 -0.18370885 -0.033757232
0.9936293 -0.19708544 0.10724537
0.9878816 -0.17072701 0.08773383
0.9904896 -0.15013255 0.14519003
0.98714405 -0.12193233 -0.0025315853
0.98855484 -0.11951631 0.1924943
0.9883606 -0.093423046 0.08949472
0.9996373 -0.08239203 0.19420984
0.9967224 -0.06051937 0.016336713
0.9906727 -0.056024946 0.2401405
0.97737527 -0.023122918 0.07683999
1.0057517 -0.012404706 0.18470657
0.9936077 0.01853811 0.0059653698
0.9899052 0.03447138 0.21821287
0.9857574 0.061994813 0.070561245
1.0015004 0.09076942 0.1760642
0.9903325 0.10319372 0.0017526252
0.983379 0.130088 0.19067949
0.99140275 0.1457895 0.03377428
0.9897465 0.17297524 0.12841961
0.9980417 0.19000852 -0.043518182
0.98556846 0.20725524 0.11393896
0.99664146 0.20900622 0.034449358
0.9921157 0.25191602 0.0865355
0.993666 0.24030751 -0.024922226
0.98957306 0.2997255 0.039001416
0.9941698 0.29251716 0.0081444485
0.9723294 0.3359439 -0.004959346
0.9827971 0.30525035 -0.04176988
0.95572937 0.27888706 -0.06849867
0.9482296 -0.20454377 -0.028190393
0.9548951 -0.19047724 0.059693243
0.9656026 -0.2536814 0.05849612
0.9434729 -0.22922733 0.0968626
0.9751343 -0.22367088 0.085716404
0.9447314 -0.18560682 0.16642562
0.9781846 -0.1843385 0.13141395
0.9433941 -0.15930535 0.21820089
0.96430856 -0.15037479 0.17744671
0.92612576 -0.12394391 0.2532289
0.9751694 -0.11683174 0.22417106
0.9387346 -0.08021304 0.27801657
0.92123425 -0.07993693 0.19021446
0.91628426 -0.030368444 0.26480654
0.94484955 -0.02484857 0.20544568
0.93456477 0.014301288 0.2456299
0.9037951 0.01536945 0.15033327
0.90503436 0.0719745 0.21951427
0.93422157 0.066757165 0.17736849
0.9337964 0.116982676 0.20565423
0.9174702 0.10710051 0.10786151
0.9187191 0.16388063 0.17135443
0.954312 0.14969951 0.09514157
0.9453643 0.20244673 0.13875681
0.9439897 0.17939737 0.048216563
0.92344433 0.24514386 0.0927313
0.96704596 0.21678169 0.076113075
0.9681379 0.2924162 0.073115654
0.97726345 0.25296637 0.042846803
0.9620418 0.31732365 0.045464452
0.9703754 0.28000596 -0.024481405
0.9346594 0.25933096 0.0018986678
