0.85260123 -0.024380572 -0.44638467
0.86436665 -0.08812605 -0.39862585
0.8513499 -0.31529337 0.047918897
0.85606456 -0.07378519 -0.37765378
0.9283675 -0.28858304 0.13561389
0.8839948 -0.12402137 -0.1214809
0.88122714 -0.103911 0.14560315
0.8660919 0.2592448 -0.034084123
0.9423222 -0.20863709 -0.25629464
0.8722935 -0.07786745 -0.13956515
0.9270265 -0.06260273 0.0039739255
0.9102664 -0.13345501 -0.13045336
0.9479637 0.037158903 0.04277712
0.9671438 -0.24016528 0.1976983
0.9120661 0.066723794 -0.051501296
0.89973706 -0.18335885 -0.1733868
0.8646327 -0.023495145 -0.37813693
0.9274448 -0.29165998 -0.175601
0.87068886 -0.25750515 -0.16648622
0.8869676 0.051390596 -0.3807987
0.888955 -0.17464344 0.21538731
0.8900013 -0.017988287 -0.04791644
0.8670075 0.016053278 -0.44386876
0.8269559 0.07466381 -0.5619342
0.8958364 -0.32683185 0.24219659
0.9094276 -0.28533524 0.24237223
0.87127095 0.058917414 -0.08939606
0.87401325 -0.20919757 0.065352455
0.913442 -0.18685058 -0.22416386
0.8502004 0.0009807236 -0.32446092
0.8192981 0.19656348 -0.67269766
0.94102114 -0.16186678 -0.3447207
0.85624623 0.0784145 -0.44161597
0.84586954 -0.01984644 -0.45952523
0.8260417 0.17010109 -0.67817146
0.8853477 -0.2389326 -0.22779892
0.9338827 -0.25484014 -0.14131738
0.82109565 0.14797385 -0.6121525
0.8517495 -0.16970323 0.27405143
0.916635 -0.10275689 -0.44179493
0.8956274 -0.09493306 -0.1496823
0.8752293 -0.05817843 -0.13516334
0.8759867 -0.2815985 0.030618306
0.8336328 0.024566907 -0.50665224
0.9258638 -0.30186775 -0.30515265
0.85500276 -0.068458766 -0.26495874
0.9189841 -0.23822503 0.00109383
0.8921815 -0.12543952 0.070024885
0.84846354 -0.08463536 -0.41693532
0.8483801 -0.18658671 0.3146114
0.86625826 -0.19335613 -0.017738245
0.9456541 -0.35140815 -0.3946132
0.84134704 0.16100404 -0.07133971
0.89886534 -0.19485895 0.22531557
0.90367657 -0.3823687 0.22446297
0.88882875 -0.43865997 0.21210454
0.85013586 0.057072453 -0.49995795
0.8112874 0.41410908 -0.030724812
0.8312916 0.12154286 -0.4590419
0.8707725 0.014457286 -0.490151
0.8185767 0.18219616 -0.6367943
0.8395122 0.061674755 -0.44341302
0.90128356 -0.09408142 -0.25570294
0.9255337 -0.20970291 -0.18324667
0.9248682 -0.12812136 -0.24680199
0.8401349 0.052879423 -0.55260736
0.8685514 -0.014807392 -0.1069714
0.8755763 -0.1260172 0.3234341
0.88768387 0.28411725 0.15900476
0.92043847 -0.22634135 0.048019316
0.91638196 0.18357415 0.04257607
0.84393775 0.13067837 -0.57091564
0.81948376 -0.27509224 -0.123741
0.95918006 -0.24735229 0.2560179
0.8512306 0.18018368 -0.56895137
0.87546784 0.046535145 -0.25850236
0.95517164 -0.406144 0.17364275
0.8563634 0.0009221863 -0.35522807
0.8986311 -0.40259266 0.24871933
0.92474246 0.06962301 -0.027655095
0.94778293 -0.18802606 -0.2816158
0.88915616 -0.25409076 0.027719416
0.8799659 0.041503884 -0.47564483
0.89078254 -0.33895224 0.09973157
0.86432105 -0.14456317 -0.27502143
0.83642614 0.024266947 -0.48620462
0.8689807 -0.07386567 -0.34696317
0.8520535 0.027227499 -0.42634162
0.9599445 -0.069090955 -0.12173404
0.8588972 0.06095029 -0.3958571
0.8962879 -0.2124374 0.06569188
0.8934958 -0.31959912 -0.051317804
0.93010163 -0.18340251 -0.026471362
0.93889874 -0.20229639 -0.051454075
0.8686097 -0.16938762 0.2084565
0.9544553 -0.32181546 0.21608225
0.9085105 -0.16797447 -0.21030729
0.8295108 0.27918383 -0.78885
0.86388624 -0.27706814 -0.17128801
0.8436765 0.027151633 -0.51590776
0.8784145 -0.21858703 -0.1512895
0.89931685 0.082423076 -0.10543138
0.8520362 0.08568427 -0.4623785
0.9151722 -0.15516737 0.16032279
0.8353749 0.08144811 -0.5404269
0.84476274 -0.017561316 -0.39423442
0.91104317 -0.3085525 0.038968705
0.9104777 -0.045437366 -0.09553106
0.8752099 -0.26715735 0.17645444
0.8105236 0.19774407 -0.7677432
0.8855459 -0.10379732 -0.12344625
0.86346054 -0.0035757162 -0.44712734
0.95768404 -0.36295396 0.24877319
0.7600348 0.07053605 -0.05928397
0.86648655 -0.06352839 -0.3128264
0.88633895 -0.00887716 -0.29423705
0.9025808 -0.23531654 0.21361025
0.8576706 0.013954805 -0.39423996
0.8554636 0.17819348 -0.58791345
0.8683027 -0.047479346 -0.24875182
0.89357233 -0.27037218 0.02101121
0.9327362 -0.27066666 -0.13398345
0.87226236 -0.0012106746 -0.3579465
0.87678754 -0.068701625 -0.13659532
0.8937043 -0.23608014 -0.3832273
0.94265956 0.049596056 -0.010538818
0.8326012 0.08050271 -0.5392747
0.9583443 -0.02585885 0.047931574
0.8682641 -0.28827134 -0.19991788
0.87971294 -0.14717092 -0.32824975
0.8738954 -0.22555853 -0.3162449
0.87044525 -0.08057138 -0.29782915
0.9351785 -0.1400632 -0.22899072
0.9266104 0.12759227 -0.016903266
0.82322574 0.09025374 -0.645273
0.96421224 -0.27507657 0.24973257
0.86433727 0.1826809 -0.04688647
0.8017869 -0.032264445 -0.07496884
0.85819125 0.049556367 -0.32985756
0.8703184 -0.15995571 -0.18752629
0.85721904 0.09125252 -0.5096981
0.8877572 -0.023524057 -0.3391256
0.8881311 -0.27995044 0.034557093
0.91569114 -0.2917252 -0.38241407
0.89412546 -0.28484613 0.28560823
0.90505564 -0.1656846 0.06389976
0.8475859 -0.052614525 -0.4962934
0.8926378 -0.30503696 0.18610212
0.7795006 -0.07821582 -0.10378602
0.8935552 0.023653038 -0.13014871
1.0063587 -0.07940826 -0.18406782
0.8867785 -0.053730585 -0.3071146
0.83166796 -0.055051148 -0.46103984
0.80088735 0.22267084 -0.73497444
0.8124822 0.14216645 -0.7034134
0.8830918 -0.17871667 0.013509145
0.83453166 0.058186606 -0.089645125
0.8660983 -0.14430638 -0.3032922
0.9070691 -0.019293632 -0.19929413
0.9051682 -0.1551702 0.070535846
0.8725077 0.0111367535 -0.39009118
0.866815 0.15818164 -0.50637466
0.9639424 -0.24360222 -0.34012142
0.8971737 -0.08156784 0.041560292
0.89407015 -0.31280774 -0.3082509
0.8676989 -0.1367474 -0.13910495
0.85341936 0.050556537 -0.38355306
0.8972623 -0.26855063 -0.25279775
0.9179861 -0.23978317 -0.3419603
0.85846555 -0.02926642 -0.4122851
0.91518724 0.029349409 -0.056371056
0.78974813 -0.14714864 -0.087223046
0.8907281 -0.11061531 0.17599119
0.8838457 0.20970142 -0.024323322
0.8228816 0.12610967 -0.65560484
0.88624454 0.11617643 -0.0715016
0.86622465 -0.18020242 -0.20213282
0.86748606 0.091968685 -0.41218293
0.94626373 -0.290394 -0.08513556
0.98207945 -0.1317244 0.1431699
0.9191137 -0.19467716 -0.10412738
0.8785857 -0.16782966 -0.132276
0.89204234 -0.015020452 -0.10666791
0.86784244 -0.05243723 -0.33516958
1.0092288 -0.12175351 0.08226818
0.879102 -0.22389582 -0.23232211
0.8542435 -0.046384316 -0.39927605
0.83408284 0.06911444 -0.60595596
0.8364233 -0.17282951 0.4235573
0.8444917 0.12181124 -0.5376703
0.78785145 0.2275185 -0.81622523
0.8574018 -0.11900968 -0.40517515
0.87667316 -0.06284056 -0.39591098
0.7915513 0.2664949 -0.74165744
0.9411563 -0.17041294 -0.08097694
0.9633243 -0.13484806 0.10562805
0.87080175 -0.16318606 -0.25063288
0.8797655 -0.300408 -0.10662988
0.93099487 -0.059311204 -0.14471768
0.8356804 0.23084942 -0.69161594
0.76026523 0.07929169 -0.0071456134
0.8863652 -0.09500322 -0.17893541
0.94745326 -0.06916678 0.03511084
0.86751807 -0.17502658 -0.12871133
0.9093717 -0.25130486 -0.22834933
0.91329795 0.07381868 0.0002167821
0.8369858 0.16392384 -0.53474563
0.73596823 -0.008492004 -0.0077901445
0.86390865 -0.16470277 0.27276608
0.87887156 -0.0068050288 -0.32881993
0.89131546 -0.11111285 -0.04563772
0.9234801 0.017395303 -0.072803564
0.8630774 -0.14986522 -0.2523733
0.87714994 -0.20315276 0.14412993
0.8470446 0.06421996 -0.106514916
0.89517003 -0.14521477 -0.2919204
0.94202507 -0.2525375 -0.3569668
0.8367212 0.17238322 -0.6591938
0.8064475 0.21272191 -0.64743304
0.9372301 -0.062808335 0.0044216565
0.8081498 0.16916622 -0.7298258
0.8783885 0.26476428 -0.036069915
0.8310828 0.08450815 -0.41856912
0.8923439 -0.13018508 0.034280848
0.8932814 -0.21352822 0.086132795
0.9729413 -0.39516485 0.23595446
0.8757189 -0.1648406 -0.26495624
0.83852375 0.10519313 -0.56956697
0.894974 -0.06340446 0.21244228
0.8959061 -0.17929278 -0.24944767
0.93104064 -0.18265781 -0.075773686
0.8280432 0.102267295 -0.5779394
0.9058968 -0.12847328 -0.18701535
0.86360335 0.038609132 -0.33576202
0.9052615 0.00045560254 -0.24457751
0.86001176 0.00990586 -0.5545385
0.94270533 -0.14455011 -0.10405554
0.92246306 -0.13087891 -0.11754826
0.89444625 -0.13470504 -0.22118591
0.9466039 -0.31384054 -0.3528521
0.85973173 0.039845746 -0.40456265
0.8700556 -0.2720313 0.19449987
0.8821694 -0.33451602 -0.15059611
0.8405266 0.20214204 0.16191435
0.88364327 -0.09294947 -0.35971752
0.9511738 0.07537648 0.00047791377
0.8968799 -0.07428641 0.081452794
0.87621945 -0.0284694 -0.2587925
0.9789192 -0.20375006 -0.30003545
0.9551703 -0.08608823 -0.2974211
0.8617288 -0.08209828 -0.3899666
0.86735296 -0.30687535 -0.18522303
0.90839267 -0.20341471 -0.25017723
0.83499986 0.27211925 -0.064802065
0.8781548 -0.09603656 -0.26205745
0.9552679 -0.07040115 -0.16277535
0.93469536 -0.44469112 -0.1061582
0.952125 -0.5217142 -0.11020793
0.9513505 -0.48431787 -0.061793607
0.9184898 -0.4625263 -0.00039121974
0.9039218 -0.480409 -0.061295535
0.89252025 -0.3948628 0.032170128
0.9365052 -0.35452154 -0.10107529
0.9193067 -0.31793255 0.03451145
0.9557076 -0.2966514 -0.03738137
0.9283003 -0.23667818 0.033021014
0.94875985 -0.19284898 -0.051757142
0.93629 -0.16946365 0.04470943
0.9519976 -0.12195825 -0.0324953
0.9282688 -0.0856703 0.053586982
0.93877894 -0.01784771 -0.055127736
0.92497975 0.014834589 0.097409174
0.9239454 0.06291441 -0.025786959
0.904479 0.104040496 0.095614426
0.922658 0.16267124 -0.012741526
0.90778494 0.20085132 0.11488664
0.9196612 0.23305307 -0.0034684213
0.91131324 0.2712117 0.12214336
0.9132007 0.31787768 0.0020454256
0.903007 0.3595018 0.14112945
0.8992962 0.3755484 0.019561853
0.8898589 0.42690578 0.10989547
0.8925894 0.44579843 0.035484668
0.881489 0.48649165 0.112872854
0.85810924 0.4886317 0.06327753
0.8779815 0.52623206 0.09402841
0.8837207 0.5162688 0.052963186
0.8872146 0.44485593 0.04162147
0.93751 -0.6213277 -0.15026915
0.9518108 -0.6010358 -0.06448997
0.9331642 -0.6786867 -0.18963733
0.94388807 -0.68736774 -0.10565759
0.92302793 -0.5868558 -0.1778602
0.9281372 -0.5378068 -0.05737179
0.9160176 -0.4988953 -0.11909746
0.92553765 -0.4139651 -0.020608619
0.93159074 -0.41042218 -0.115241185
0.94453794 -0.34452555 -0.011763227
0.9477107 -0.34451512 -0.051242433
0.9473315 -0.27144787 -0.00875299
0.94773906 -0.2554242 -0.092015594
0.95070285 -0.18541193 0.011737066
0.95212907 -0.16634122 -0.05329367
0.94316286 -0.09741833 -0.00061551016
0.944591 -0.09204843 -0.06184129
0.9293061 -0.028081276 0.050128818
0.9433823 -0.044530403 -0.023655914
0.9292168 0.034433015 0.05189182
0.93468636 -0.0040686848 -0.0104283905
0.9251817 0.09528318 0.08535952
0.9366432 0.055241875 0.00848168
0.92619944 0.15640177 0.090215884
0.9316053 0.099523686 0.012071314
0.919307 0.19804165 0.10213206
0.9280929 0.14687397 0.040980972
0.9006447 0.26718393 0.10408531
0.9256757 0.19824691 0.03868998
0.89262253 0.32577744 0.10181728
0.93082315 0.27855694 0.052881125
0.90627176 0.39774296 0.08365292
0.9329267 -0.6323046 -0.109204076
0.91021526 -0.6145604 -0.041421246
0.9151295 -0.56724566 -0.12326038
0.88587743 -0.5210824 0.025786579
0.9077726 -0.48817432 -0.17791918
0.89548105 -0.34517103 0.018400628
0.9014947 -0.3935599 -0.18025516
0.8930575 -0.269655 0.05305298
0.89790624 -0.31452385 -0.13308664
0.90123993 -0.20247641 0.06394343
0.8854869 -0.22055589 -0.119118035
0.8807046 -0.11863999 0.08724196
0.9002081 -0.12960055 -0.093703285
0.90607387 -0.042398866 0.09022181
0.8867754 -0.02539251 -0.06838889
0.8864439 0.050638974 0.104263104
0.8788475 0.08011577 -0.0713571
0.88096267 0.15796337 0.12487789
0.8764166 0.19345924 -0.056156427
0.865653 0.24567899 0.15217263
0.86954904 0.27841398 -0.03569862
0.868432 0.34805954 0.1744428
0.87535214 0.37693205 -0.040011685
0.8588347 0.4223502 0.1642909
0.85236937 0.47432327 0.011546004
0.8434231 0.52489805 0.1688102
0.8326204 0.5392838 0.038497556
0.8330415 0.58508736 0.14824319
0.8312873 0.59444034 0.0628487
0.8399344 0.62527573 0.12202816
0.8497837 0.62967414 0.07439162
0.8702652 0.57840735 0.06885267
0.935141 -0.74794 -0.17971867
0.8949807 -0.68124765 -0.03701919
0.90043646 -0.70426995 -0.20670506
0.86498654 -0.6732479 -0.08646162
0.8687996 -0.6070073 -0.19392645
0.82856554 -0.5548629 0.003747332
0.8459901 -0.5238777 -0.18740775
0.83026886 -0.45575783 0.023404311
0.8463324 -0.45004967 -0.16248703
0.84614474 -0.36922053 0.034987804
0.8648014 -0.354596 -0.14360975
0.8317303 -0.2780613 0.05547305
0.8694119 -0.25812927 -0.11881353
0.84678584 -0.1735392 0.08203375
0.8700828 -0.14507657 -0.12204903
0.8406049 -0.07114085 0.07296006
0.88848406 -0.055282835 -0.10564701
0.8516777 0.020326924 0.09070404
0.88494635 -0.0005672416 -0.090751976
0.8452688 0.085021414 0.12652726
0.91386074 0.046405405 -0.0590468
0.8663866 0.19212699 0.14544763
0.90695494 0.12173144 -0.05630802
0.8447118 0.272527 0.1649107
0.9144257 0.18161452 -0.017166167
0.85670155 0.3530962 0.16209798
0.91094726 0.2608633 0.008243571
0.8406494 0.42960963 0.15458263
0.91052085 0.32967886 0.028759792
0.8501759 0.4879888 0.14114338
0.91957635 0.38083327 0.09181128
0.89223194 0.48726287 0.10539903
0.9060578 -0.7741969 -0.119191304
0.8631384 -0.7409347 -0.060503606
0.8369949 -0.6677328 -0.17855248
0.81362563 -0.6348281 -0.01854093
0.7949589 -0.5864697 -0.16460204
0.77877635 -0.5077148 -0.016906597
0.7735132 -0.45902228 -0.14731649
0.77147645 -0.39034283 -0.004474067
0.77385145 -0.3581039 -0.13632242
0.77268994 -0.2682368 0.036499392
0.7717725 -0.22485551 -0.12122227
0.7678268 -0.15633394 0.06855818
0.7983014 -0.10961388 -0.12006979
0.7817218 -0.045824528 0.069161244
0.7833895 -0.018574227 -0.099970095
0.7883057 0.062252767 0.10356086
0.8039288 0.10047302 -0.08610037
0.78745013 0.17366554 0.12286283
0.7818091 0.2246337 -0.056926806
0.7888437 0.28149116 0.13769563
0.80923754 0.33974287 -0.02693161
0.78745574 0.37263274 0.15772729
0.7625497 0.42263046 0.014912109
0.7565128 0.47093883 0.15264216
0.74405926 0.5302368 0.064248614
0.73186463 0.55531436 0.14276981
0.6815569 0.6155983 0.0721713
0.697059 0.64863247 0.12282051
0.7282439 0.65436393 0.08528824
0.74631274 0.6609872 0.12370123
0.7848156 0.6722649 0.11201464
0.8364243 0.64579105 0.11891295
0.8728567 -0.79618996 -0.19578674
0.81987935 -0.7375889 -0.09234387
0.82349926 -0.7355281 -0.22609983
0.7804119 -0.7003665 -0.13013005
0.7953136 -0.64433163 -0.2042857
0.75222373 -0.60046905 -0.07596469
0.7752606 -0.57817143 -0.17183207
0.7496303 -0.52614695 -0.07492812
0.7778446 -0.50130576 -0.16658023
0.75324005 -0.41718173 -0.043553796
0.78113174 -0.38924602 -0.16144224
0.7620854 -0.30428454 -0.010325101
0.7758239 -0.26372907 -0.11507186
0.76581216 -0.17611971 0.054728765
0.78008425 -0.15951073 -0.12582684
0.7725846 -0.08535635 0.061366644
0.7768981 -0.069361664 -0.0988182
0.77667195 0.01082665 0.10208749
0.7837545 -0.001661866 -0.090487845
0.77464026 0.11616554 0.11586818
0.7833785 0.07868057 -0.05432965
0.78582424 0.21267496 0.14606312
0.80691326 0.17985235 -0.054821357
0.7791826 0.33245787 0.16300645
0.78335804 0.25943202 0.02652926
0.7917088 0.41584554 0.15342832
0.86741894 0.3634967 0.06481929
0.8049563 0.5034707 0.14036891
0.8607612 0.4267277 0.07227081
0.779409 0.55616426 0.14072824
0.90901643 0.43407825 0.10265796
0.86849755 0.5287207 0.13207737
0.8137149 -0.8388857 -0.12903142
0.79655135 -0.7797186 -0.056044355
0.7705437 -0.7182162 -0.16756538
0.76129764 -0.680238 -0.057176854
0.74971294 -0.62800944 -0.14297614
0.74477255 -0.5348673 -0.05938625
0.735498 -0.4888629 -0.13930684
0.73973197 -0.40765014 -0.02473538
0.74347776 -0.36153933 -0.10225116
0.7372537 -0.2613689 -0.0007210756
0.73332745 -0.21389994 -0.0827835
0.74082273 -0.1347998 0.010024275
0.7370886 -0.09393894 -0.060749527
0.74518627 -0.03808796 0.03364212
0.74354595 0.004708194 -0.055909295
0.73569256 0.061691217 0.050453458
0.7397234 0.10332777 -0.045471746
0.7433043 0.1781132 0.07670106
0.74667484 0.241056 -0.009132636
0.7573101 0.29682934 0.100511044
0.7457608 0.34884635 0.011833037
0.7420841 0.41611895 0.11277647
0.70631856 0.4490179 0.061071333
0.689258 0.4882966 0.10792464
0.6371277 0.54966706 0.10071528
0.5882461 0.5768997 0.107577294
0.53339267 0.639453 0.10625894
0.5161529 0.6687017 0.10958162
0.53973347 0.69420487 0.11195949
0.597495 0.6820218 0.09782106
0.64086837 0.68278307 0.11454029
0.7740481 0.66222084 0.107847795
0.79407686 -0.8482992 -0.19498444
0.76255596 -0.7820309 -0.102647886
0.7819126 -0.7914227 -0.22277398
0.75600064 -0.76911956 -0.14545074
0.77757066 -0.7131337 -0.21816021
0.73860925 -0.6487705 -0.0760189
0.7617651 -0.63589746 -0.17349455
0.7319976 -0.5726544 -0.1056383
0.7675324 -0.52111095 -0.16008094
0.73189485 -0.46124586 -0.06434311
0.75300294 -0.39410168 -0.13881958
0.73132515 -0.32620487 -0.047764834
0.7470022 -0.24560046 -0.078236446
0.7320007 -0.19813424 -0.014611634
0.73864496 -0.132552 -0.07426669
0.72912973 -0.080766276 0.017403595
0.73478144 -0.03900617 -0.062211912
0.7356938 0.0084231915 0.055608574
0.7352609 0.064131774 -0.044477
0.741476 0.126838 0.08691858
0.73181283 0.1760998 -0.022261173
0.7353026 0.2675159 0.11296061
0.7291172 0.2844347 0.004667974
0.7236746 0.3808952 0.10838883
0.7159704 0.4120479 0.03799988
0.6992517 0.48517022 0.09836157
0.71852416 0.49796978 0.08073875
0.7000465 0.56380963 0.10363599
0.70952487 0.5434784 0.08788144
0.72123 0.59489495 0.08087526
0.8914041 0.4847615 0.1019719
0.8217724 0.58372587 0.1114543
0.7906248 -0.890073 -0.15184718
0.77169114 -0.81932443 -0.10126391
0.76534694 -0.77783567 -0.18465814
0.7496877 -0.7323539 -0.09158857
0.74611026 -0.6801997 -0.16019748
0.7437922 -0.57121176 -0.06675481
0.744625 -0.5286705 -0.13024402
0.7394036 -0.4576445 -0.05072845
0.74333507 -0.4153596 -0.09138707
0.74324846 -0.31559047 -0.023768876
0.7440577 -0.26998442 -0.06718102
0.7283504 -0.17875454 -0.031436026
0.7271594 -0.12680976 -0.024079025
0.72465944 -0.063254096 -0.01801845
0.73497194 -0.02675298 -0.024591312
0.7181409 0.043597404 0.0012051044
0.72613794 0.10278019 -0.0036677392
0.7219 0.15906085 0.0337506
0.72396976 0.20817736 0.016519606
0.7263455 0.2803315 0.0718192
0.7222745 0.34258828 0.05127719
0.72039014 0.411774 0.08063613
0.68418425 0.46811143 0.07165053
0.6158176 0.5124296 0.092893295
0.52558756 0.58001107 0.1127627
0.47638857 0.62425816 0.09023438
0.41713285 0.68788147 0.10258104
0.41060412 0.72084993 0.09323429
0.4594608 0.73297286 0.100901276
0.45462555 0.70438784 0.12503245
0.5685865 0.7018414 0.14241512
0.63320297 0.66192156 0.10449721
0.81663936 -0.914272 -0.18427151
0.7811014 -0.8495419 -0.103098094
0.8320952 -0.8716121 -0.22897656
0.78198105 -0.8369772 -0.14831373
0.80695444 -0.7843015 -0.2251636
0.75172883 -0.69636375 -0.07134251
0.7689062 -0.68856466 -0.18160385
0.7498339 -0.6262371 -0.07628319
0.76787287 -0.58773667 -0.16159655
0.7453652 -0.5230518 -0.036306966
0.7434728 -0.46588007 -0.116124734
0.7322554 -0.37739888 -0.037115574
0.7400752 -0.31645343 -0.09056559
0.7291841 -0.24153216 -0.010854629
0.7343303 -0.18667974 -0.0684818
0.7295068 -0.103572495 -7.030554e-06
0.7409824 -0.08227978 -0.055822592
0.7318836 -0.0064442595 0.010948407
0.73715734 0.008926784 -0.022577796
0.7328653 0.09561581 0.043184016
0.7352566 0.11198831 -0.012547226
0.7262923 0.24513307 0.05394112
0.72663265 0.2783101 0.023100052
0.7206355 0.40169963 0.06906585
0.7305985 0.41777757 0.06330896
0.7010181 0.539314 0.05459816
0.74771744 0.49154016 0.10071701
0.63576573 0.6199887 0.0680485
0.7243653 0.53203386 0.09585699
0.69242257 0.6297571 0.09266439
0.814741 0.5351879 0.13828881
0.75178236 0.620668 0.1339143
0.82802594 -0.93135047 -0.14472333
0.8054604 -0.8413342 -0.07600893
0.83540636 -0.8339016 -0.20780687
0.793412 -0.75863594 -0.049900185
0.7919474 -0.6909564 -0.19569595
0.771494 -0.53839797 -0.016409155
0.7892883 -0.52776116 -0.18797746
0.7703808 -0.40524608 0.018595126
0.7923408 -0.39670596 -0.15351795
0.76368904 -0.29480067 0.032106895
0.77257615 -0.29475644 -0.13405547
0.7535525 -0.19100693 0.03166641
0.7713907 -0.16607514 -0.116669
0.7488283 -0.09599627 0.05303162
0.7810787 -0.08704152 -0.10095851
0.74755716 -0.010673451 0.062186252
0.7827565 0.0060128914 -0.0924261
0.75619847 0.08526643 0.07794914
0.78099006 0.11435395 -0.06589413
0.7559647 0.20029683 0.078183606
0.7667796 0.26906872 -0.032731693
0.7463399 0.38580605 0.08478233
0.7345987 0.45684555 0.012001759
0.7162464 0.5357534 0.10620296
0.6854715 0.59064335 0.047620114
0.6058433 0.654612 0.09644898
0.55647737 0.70000356 0.076847866
0.46842974 0.72303724 0.100398436
0.5407552 0.7321139 0.09179494
0.5637942 0.69639915 0.11150819
0.6417342 0.7094185 0.111475274
0.7111383 0.6597051 0.10951284
0.8501963 -0.948502 -0.18446834
0.8336029 -0.875264 -0.08748009
0.87461764 -0.9284757 -0.21765412
0.8444956 -0.9042984 -0.11983414
0.8736665 -0.81678486 -0.23766714
0.8053567 -0.69667345 -0.028747667
0.8195262 -0.716869 -0.22080493
0.7945153 -0.6027841 -0.00999234
0.8065748 -0.59841985 -0.19292086
0.79215246 -0.47560343 0.016076226
0.7941218 -0.47025412 -0.17536777
0.77914405 -0.35570228 0.027716123
0.7817448 -0.33693704 -0.14413515
0.7773562 -0.22835994 0.045014404
0.7969293 -0.23429903 -0.12431815
0.79041904 -0.13624462 0.069791675
0.81764096 -0.12461099 -0.15336943
0.7991397 -0.060421333 0.07616562
0.7962567 -0.06008438 -0.109192334
0.7880737 0.01262533 0.06742595
0.7979015 0.042845123 -0.08355434
0.7732581 0.16829221 0.08808139
0.7707111 0.18518564 -0.0510187
0.7513542 0.32673398 0.09491177
0.7670377 0.33998397 -0.007483014
0.76137453 0.5349311 0.06040055
0.77702254 0.51593095 0.034321297
0.78034914 0.64132005 0.10375241
0.76436263 0.60265046 0.032799494
0.75481045 0.66407734 0.1296017
0.76606506 0.6398461 0.09282407
0.77083296 0.64848256 0.120740324
0.8736349 -0.93056256 -0.12747839
0.85447323 -0.81510705 -0.06852741
0.900866 -0.86361617 -0.19770657
0.8460433 -0.7336388 -0.029962312
0.86840063 -0.672563 -0.19828615
0.8242734 -0.4854843 0.0034299297
0.83964366 -0.48665953 -0.1882412
0.8203352 -0.33367833 0.03605969
0.8342404 -0.34220108 -0.15586516
0.8225994 -0.24244368 0.05590548
0.82422525 -0.2432723 -0.1522836
0.83007765 -0.16386987 0.068902776
0.83145183 -0.15021631 -0.14994742
0.85127944 -0.11774447 0.06802485
0.8517042 -0.08240141 -0.19997782
0.8518089 -0.06246128 0.10344834
0.8487988 -0.017800182 -0.13469808
0.850918 -0.005789346 0.08523908
0.8465957 0.04904291 -0.12475239
0.82084584 0.10654571 0.10430657
0.8002717 0.20333889 -0.061172146
0.7891615 0.30882207 0.14209484
0.7953158 0.40231615 -0.039097052
0.7664916 0.57044405 0.14369395
0.76110965 0.639727 -0.0035264539
0.7510664 0.6860335 0.2021001
0.7633488 0.73049957 -0.044799037
0.7474429 0.7026939 0.17437443
0.7660523 0.7176016 -0.034851436
0.741065 0.70682704 0.12727113
0.7605453 0.7099132 0.06894151
0.7627003 0.6845524 0.13776122
0.8895189 -0.9298978 -0.1643838
0.87067515 -0.8454333 -0.07914354
0.9111617 -0.9319938 -0.20275435
0.8841298 -0.8828539 -0.11743119
0.8967109 -0.84607357 -0.22964479
0.8406863 -0.6707901 -0.01799512
0.8601954 -0.73908675 -0.20507337
0.84599906 -0.536831 0.0070549613
0.85163695 -0.5962683 -0.20367652
0.8467578 -0.38849995 0.04008673
0.83217394 -0.43132177 -0.17383595
0.8552885 -0.28162065 0.07596879
0.8343833 -0.30535558 -0.17094162
0.8767747 -0.21368131 0.11653973
0.85542923 -0.22914788 -0.16481587
0.8801557 -0.16597468 0.13043204
0.8608797 -0.1642654 -0.2105309
0.8872358 -0.14409149 0.11935923
0.8562537 -0.13892815 -0.13825527
0.8565385 -0.08966693 0.07222233
0.8370424 -0.09329696 -0.1646368
0.8287078 0.019782163 0.08365543
0.8103941 -0.027447052 -0.10669562
0.7903311 0.18558174 0.111804605
0.79944676 0.10772846 -0.03722303
0.79230994 0.3774998 0.12844586
0.82028264 0.31952628 -0.024263926
0.7823335 0.6734037 0.11055276
0.76474816 0.60606074 -0.03033711
0.77387017 0.6978902 0.20742117
0.7663408 0.636614 0.07909521
0.7806547 0.6638467 0.17464764
0.9184794 -0.85979944 -0.13207929
0.8873895 -0.7105375 -0.05128486
0.93103206 -0.81478053 -0.204624
0.8823433 -0.6391898 -0.01678798
0.9005242 -0.55883056 -0.19743161
0.85771745 -0.40174982 0.018345509
0.87514156 -0.35968181 -0.16195823
0.86085725 -0.23821244 0.065245494
0.87924653 -0.25330317 -0.18629217
0.860473 -0.18508384 0.1183055
0.8643971 -0.16237752 -0.24007076
0.87235177 -0.121725805 0.20703156
0.8652305 -0.099659406 -0.31210446
0.8750836 -0.1018895 0.23011763
0.8664231 -0.045214724 -0.35540327
0.8771122 -0.06970152 0.1991792
0.860619 -0.039819855 -0.26891196
0.8770637 -0.06506084 0.07868462
0.87098557 0.009701093 -0.23301911
0.853495 0.03032253 0.09797974
0.840808 0.0757212 -0.16021703
0.8188622 0.2766448 0.13571543
0.80737096 0.36954692 -0.04917432
0.77785987 0.57126296 0.1877767
0.77555686 0.60051394 0.00658838
0.7444959 0.7143425 0.24465543
0.73525083 0.7827931 -0.1688901
0.75457543 0.7373006 0.23869051
0.7461171 0.746731 -0.08337449
0.74420494 0.7134412 0.29567277
0.76851255 0.7581007 -0.018744577
0.78866047 0.73509425 0.105539486
0.9342457 -0.8708157 -0.16581085
0.9060897 -0.7690964 -0.07371446
0.9484696 -0.8704083 -0.19485924
0.9045124 -0.8029714 -0.099986166
0.9052311 -0.73530716 -0.184542
0.8678153 -0.55933684 0.008450574
0.8897908 -0.6453111 -0.1739673
0.8742611 -0.40524176 0.046020955
0.8825349 -0.4387683 -0.1804061
0.8659131 -0.278986 0.11255952
0.88290054 -0.33441082 -0.1804069
0.8570062 -0.21701756 0.22928026
0.87018317 -0.213608 -0.28876904
0.8640324 -0.17194378 0.31969863
0.8644838 -0.21838377 -0.2533074
0.85488933 -0.16114922 0.38237312
0.859587 -0.13151704 -0.32633236
0.8613837 -0.13219768 0.29649585
0.8715547 -0.15395468 -0.23391539
0.84611386 -0.10050138 0.16957898
0.87860054 -0.1245833 -0.28498346
0.8365676 -0.043191254 0.096344754
0.8399455 -0.09388802 -0.18433979
0.79716897 0.13513726 0.113191664
0.81729573 0.00014504138 -0.05758522
0.78989357 0.4752701 0.12574185
0.78725487 0.43815985 -0.008909092
0.7696641 0.6583527 0.20029831
0.75983286 0.66447717 -0.07519899
0.75060904 0.6835789 0.26999533
0.7698993 0.7051336 0.008231568
0.78344405 0.6725767 0.15034132
0.9403469 -0.7732424 -0.13969123
0.9164573 -0.6311496 -0.05380946
0.9371963 -0.73413104 -0.170805
0.8923858 -0.5046935 -0.01599219
0.9114897 -0.45063123 -0.14983611
0.87649196 -0.30377176 0.082397796
0.888706 -0.29057166 -0.124912515
0.8676753 -0.18213613 0.16561627
0.88673764 -0.23296392 -0.11250648
0.8595048 -0.12749459 0.25353137
0.8854317 -0.15722728 -0.2008034
0.8532916 -0.09587831 0.4178299
0.88676417 -0.08843044 -0.26531076
0.8629293 -0.041149426 0.47488266
0.87727904 -0.071300104 -0.23068552
0.8687621 -0.073247984 0.37708348
0.89084226 -0.044590976 -0.2310724
0.8834116 -0.0790522 0.1475934
0.88404006 -0.030790605 -0.15765584
0.88379955 -0.021515857 0.09121971
0.87789994 0.012227041 -0.15577057
0.86282957 0.25005132 0.12879449
0.84411687 0.3145384 -0.0448079
0.80309737 0.5336624 0.17970556
0.78909224 0.62288135 -0.012860757
0.74755126 0.66781193 0.3572198
0.74463934 0.76639396 -0.13610996
0.7243137 0.7070672 0.44642365
0.7306617 0.79815227 -0.11175362
0.7387295 0.7404223 0.2869463
0.75186986 0.7767553 0.07789065
0.76558375 0.73993295 0.16795148
0.9648169 -0.8070717 -0.14108506
0.9224146 -0.6989182 -0.064684756
0.95965976 -0.80048496 -0.16369148
0.9419847 -0.74405307 -0.091358796
0.9195052 -0.70374197 -0.17033082
0.88839144 -0.46032646 0.027575765
0.8951592 -0.5553313 -0.16729599
0.86595196 -0.29271534 0.14797074
0.8841248 -0.36805448 -0.11810728
0.8518655 -0.20754835 0.28453657
0.8782376 -0.30696127 -0.18559113
0.85838157 -0.1396862 0.42557108
0.87256604 -0.21317554 -0.07601966
0.8446391 -0.09024924 0.6556163
0.86173546 -0.23826924 -0.32806006
0.8408696 -0.08698922 0.68748564
0.8955685 -0.16795808 -0.11379254
0.86752665 -0.0891488 0.51023537
0.9089221 -0.20916405 -0.29610986
0.86727345 -0.09595176 0.3251617
0.91436803 -0.16016068 -0.17356363
0.870564 -0.13044612 0.13441634
0.8711425 -0.19377124 -0.22269611
0.834268 0.082715996 0.08498384
0.8383927 -0.07364158 -0.10620326
0.7942565 0.34407964 0.09159271
0.7811987 0.28962588 0.006999596
0.7529832 0.57105607 0.21311206
0.7699037 0.5442218 0.016877767
0.7532126 0.68745595 0.29777417
0.75446934 0.583138 0.064753436
0.7639917 0.6446647 0.24096625
0.93726873 -0.68976593 -0.09995828
0.9065099 -0.54087764 -0.025050625
0.925111 -0.59503776 -0.12860245
0.89228207 -0.40303507 0.028028633
0.90773565 -0.3554363 -0.08918622
0.8839658 -0.26463205 0.13778137
0.89529675 -0.25748524 -0.13748471
0.8632923 -0.17915332 0.29059076
0.8959369 -0.23095238 -0.15387404
0.8384545 -0.11692289 0.4896072
0.87747455 -0.19697115 -0.22452365
0.8367838 -0.067328475 0.7098082
0.9072526 -0.1449682 -0.26793516
0.8306785 -0.039964955 0.75260967
0.89862716 -0.100458674 -0.35297337
0.85191905 -0.031929754 0.6415063
0.93151104 -0.07804962 -0.2641704
0.8847515 -0.058331124 0.38486582
0.9253151 -0.039828897 -0.24722904
0.9069186 -0.035408806 0.17019829
0.9141482 -0.036340196 -0.15883178
0.8717992 0.17583486 0.0975985
0.8628109 0.24874255 -0.043559425
0.8076312 0.4157382 0.169965
0.8150158 0.4662088 0.0049966117
0.75648165 0.60182863 0.2691898
0.747755 0.6868275 -0.06178445
0.73126656 0.6838245 0.35397547
0.7294982 0.713806 -0.009324593
0.7513284 0.7159163 0.27161306
0.75479895 0.74742883 0.06520477
0.7474096 0.72642463 0.10460896
0.9613286 -0.71271056 -0.12679368
0.92253673 -0.6342797 -0.067333244
0.9393161 -0.69761425 -0.14226358
0.8907949 -0.6104209 -0.06694545
0.9110577 -0.54431444 -0.16922785
0.8799052 -0.37442967 0.097018026
0.91414016 -0.3856827 -0.14972708
0.85177016 -0.26631552 0.280619
0.91106814 -0.30589125 -0.25240004
0.83255357 -0.18487273 0.44599292
0.8975998 -0.25302374 -0.2097039
0.8295726 -0.12786332 0.6571668
0.90315205 -0.2424989 -0.34028262
0.8305384 -0.073456444 0.87429345
0.92249155 -0.19430473 -0.2720031
0.8124085 -0.01259272 0.90991896
0.93878335 -0.20469013 -0.3425057
0.8236492 -0.0047533503 0.80120486
0.95380515 -0.20319884 -0.29477996
0.85901237 -0.059924114 0.52470523
0.9446969 -0.1537402 -0.2825871
0.8690331 -0.0989556 0.22518006
0.9314572 -0.15178734 -0.18537115
0.8449779 0.056401946 0.11025767
0.87677646 -0.012404741 -0.13710675
0.8012034 0.30715138 0.10376472
0.82305425 0.22174281 -0.072972834
0.76097745 0.56529397 0.19335148
0.7867487 0.50222224 0.009865905
0.7502451 0.6605321 0.2930146
0.7678879 0.5843858 0.057087462
0.75355834 0.6671278 0.1641011
0.90894336 -0.5785071 -0.13535824
0.89663106 -0.46667078 -0.027783062
0.9105468 -0.45303068 -0.091945186
0.89711004 -0.3298315 0.051068634
0.91707426 -0.31564805 0.009614701
0.8840908 -0.2547602 0.19682315
0.9139167 -0.25499234 0.060558368
0.8720194 -0.21887225 0.31128532
0.9062976 -0.2144337 0.021765497
0.85615814 -0.111558996 0.45462614
0.87902343 -0.15740493 0.1312718
0.8426996 -0.062481724 0.61973107
0.8978183 -0.15708025 -0.099671975
0.86044544 -0.037808347 0.62060034
0.91034776 -0.098527245 0.03792161
0.85658973 -0.020590272 0.5718358
0.93233734 -0.07750987 -0.11219244
0.8789944 -0.059646748 0.3419333
0.94329834 -0.06948783 -0.0012901472
0.9044186 -0.068043776 0.15223622
0.9268719 -0.04259027 -0.039250005
0.926547 0.051464282 0.023501623
0.9053411 0.12236244 0.0001675887
0.88173217 0.29107845 0.08534707
0.8474377 0.37151575 0.020725489
0.8028038 0.48689905 0.1684281
0.7920196 0.6018258 0.017863873
0.7573365 0.62501806 0.24784005
0.7737774 0.674653 0.05822877
0.7766784 0.68978125 0.1563156
0.7654689 0.73667127 0.14506406
0.7550194 0.6931534 0.097902186
0.94019186 -0.60156703 -0.11160356
0.92654794 -0.5225917 -0.079885475
0.93434685 -0.6169891 -0.12682925
0.91014004 -0.45378178 -0.11596613
0.9310163 -0.46768552 -0.08221638
0.89379805 -0.36421517 0.14561458
0.9231477 -0.38745943 0.0071843592
0.86814207 -0.28405112 0.3013411
0.90674037 -0.28210047 0.10410038
0.840329 -0.20179275 0.47989196
0.87125885 -0.19051594 0.16589883
0.8252974 -0.122527115 0.64506453
0.8572033 -0.13356332 0.3485565
0.823394 -0.07656238 0.8352826
0.8654309 -0.10159132 0.3214491
0.82646745 -0.029130358 0.8566301
0.8517282 -0.08349682 0.42017275
0.8152272 0.00233009 0.8207219
0.8950369 -0.13961028 0.1954424
0.85767037 -0.057776388 0.5709427
0.915061 -0.14376688 0.14975598
0.8782372 -0.07444391 0.25544512
0.9318231 -0.13883178 -0.01348924
0.8709778 -0.01143727 0.12573458
0.8904546 -0.035451945 -0.0653273
0.83879024 0.08810731 0.090204954
0.8663088 0.068598256 -0.026809368
0.7940579 0.4301597 0.14643586
0.81594765 0.41110036 -0.016434997
0.76777023 0.61411655 0.20118895
0.7705426 0.5384025 0.081221394
0.7394471 0.6229134 0.17450614
0.9133091 -0.46049637 -0.09447995
0.9186947 -0.3760583 -0.002575663
0.9295551 -0.3595142 -0.021707911
0.9160945 -0.30717838 0.12836638
0.90640104 -0.2835209 0.15012604
0.9019054 -0.26000333 0.27834493
0.9125889 -0.22645094 0.20473906
0.8770409 -0.21047972 0.388524
0.88237417 -0.1718435 0.39515227
0.8489915 -0.108928904 0.53273875
0.8658075 -0.11921131 0.4315335
0.83576244 -0.07572961 0.68089485
0.85586435 -0.0872601 0.4877184
0.8495169 -0.04841204 0.69589126
0.880536 -0.095095195 0.36934716
0.8324413 -0.014840092 0.7283019
0.8699271 -0.08409067 0.39089495
0.84344894 -0.03638208 0.47963402
0.8995018 -0.10990579 0.13691881
0.86990684 -0.08711537 0.30129194
0.93508035 -0.08970875 0.08038837
0.9175878 -0.015286219 0.10333251
0.9279042 0.052301116 0.030485656
0.8911046 0.14038946 0.053541534
0.9049049 0.23912373 0.009834434
0.84168273 0.39774966 0.10543599
0.8527179 0.5481709 0.052817922
0.80475944 0.5903668 0.1815822
0.790517 0.6363482 0.12011478
0.782579 0.6782463 0.19768485
0.7639644 0.66016775 0.10627953
0.75853765 0.62827086 0.07566622
0.87516385 -0.3920596 -0.1235888
0.9025122 -0.33940694 -0.046858333
0.9044937 -0.4713823 -0.036136385
0.88677543 -0.40013734 0.061086632
0.88986194 -0.3543547 0.07105639
0.8709987 -0.32619932 0.24960475
0.88434356 -0.31341246 0.20750396
0.8588318 -0.2561478 0.41387427
0.8535327 -0.23153237 0.3450231
0.84050655 -0.16780826 0.5812679
0.8447486 -0.1573384 0.5121511
0.828164 -0.115026124 0.7472125
0.8355317 -0.12480671 0.59596413
0.8315305 -0.06415168 0.8318253
0.84213775 -0.08599683 0.6927673
0.8145692 -0.012019242 0.88818103
0.83670825 -0.07094275 0.6849077
0.81550723 -0.013974453 0.74069697
0.8476152 -0.09112627 0.5416292
0.8485784 -0.07266957 0.50558066
0.89043444 -0.14703788 0.28658634
0.8992616 -0.086404584 0.1942745
0.9280707 -0.1099841 0.061212104
0.8908413 -0.0117740175 0.079809636
0.8942612 -0.008385259 0.0061197756
0.85895187 0.21122058 0.074991405
0.86494577 0.2846265 0.02445558
0.8142545 0.5097906 0.15119186
0.8101587 0.5487969 0.08947269
0.7916333 0.6368608 0.21376863
0.7562068 0.5956688 0.10555264
0.7455819 0.5843518 0.1424465
