0.56464595 -0.15894805 -0.63209397
0.47027692 -0.2492659 -0.60098284
0.42730147 -0.6646758 -0.3690196
0.3906982 0.13004935 -0.46112886
0.42503655 -0.14631245 0.44334042
0.55038357 -0.037857823 -0.60458595
0.40606135 0.063519344 0.6416922
0.40834695 0.65105575 0.2536509
0.6598574 -0.12950954 -0.64402735
0.42508656 0.3412252 -0.14622962
0.39714873 0.3370054 0.58908385
0.40519017 0.28806728 0.5791032
0.41568834 0.33084926 0.60304564
0.4803221 0.12776333 0.717046
0.39864874 0.44274715 0.51961595
0.50513387 -0.5522798 -0.35868433
0.43243718 -0.30172434 -0.62612253
0.47642094 -0.6062501 -0.35712376
0.40161467 0.40938994 0.073765494
0.39711922 0.07401369 -0.5468355
0.43855894 -0.05745057 0.5157017
0.4632308 0.14943138 -0.336215
0.61192656 -0.07873666 -0.67552775
0.4177759 -0.10750722 -0.6891217
0.40498304 0.1300678 0.72088593
0.5406947 0.111598164 0.7093413
0.40948445 0.4423939 -0.0032203984
0.42580563 -0.12068624 0.38590595
0.3904494 0.3249173 -0.08894034
0.43395415 -0.29245824 -0.57525057
0.39677796 -0.028737491 -0.70282406
0.4236731 -0.10141405 -0.6096711
0.45350507 -0.023242213 -0.6335466
0.44986933 -0.1473817 -0.6613711
0.789195 -0.1143852 -0.6977664
0.46657228 0.15558757 -0.29427966
0.50903046 -0.5916645 -0.3499642
0.42411596 -0.050177276 -0.7324878
0.45122242 0.15510774 0.69484025
0.4041196 0.03559747 -0.5265427
0.4109353 0.35384566 0.48022246
0.39513263 0.41921863 0.49413893
0.4072136 -0.19294298 0.38132274
0.41067582 -0.25556183 -0.6547195
0.419234 -0.06766417 -0.5056346
0.3976165 -0.32985944 -0.58528864
0.39567706 -0.13937508 0.39603493
0.5128361 0.25765157 0.58909076
0.3880552 0.007934675 -0.5238548
0.67195797 0.10679378 0.67636895
0.7446795 -0.59122664 -0.30975595
0.4232779 0.07037846 -0.47901487
0.40624997 0.6409171 0.40043265
0.4111519 0.078393415 0.78133017
0.44136772 -0.11145797 0.51178646
0.5136863 0.07607041 0.6510284
0.84022427 -0.1172896 -0.6576134
0.39930096 0.69580805 0.35041723
0.38510388 -0.037775204 -0.60214657
0.8709297 -0.1316293 -0.7053854
0.39821208 -0.12949274 -0.75967133
0.42860746 0.07933043 -0.5573416
0.42331332 -0.35105848 0.1461638
0.40916768 -0.41099462 0.06300406
0.41338623 -0.35010263 -0.5186273
0.45938915 -0.19112621 -0.66110164
0.3954869 0.54553 0.2845474
0.42129618 0.100217104 0.7570294
0.42821896 0.4749263 0.49916306
0.40610057 0.17370638 0.72978413
0.43665582 0.6080283 0.38688582
0.67618155 -0.11590241 -0.7084817
0.40569443 0.17240347 0.64431304
0.45877212 0.044262588 0.661131
0.8753133 -0.072870135 -0.666944
0.43552572 -0.16048528 -0.60667926
0.43626487 0.11185783 0.70887905
0.41661412 -0.24517483 -0.6347651
0.40723363 0.036619075 0.6782036
0.4241001 0.38111404 -0.07278787
0.4013253 -0.38737488 -0.54560304
0.40418744 -0.044719078 0.5029003
0.96781385 -0.13414928 -0.6747788
0.3958056 0.11028275 0.62940794
0.4344378 -0.36643267 -0.5787892
0.4034605 -0.17375621 -0.64084697
0.4709581 -0.3372503 -0.55508626
0.5205752 -0.14675324 -0.65756786
0.39547995 0.28843644 -0.18461391
0.9696829 -0.15426174 -0.6350731
0.40524366 0.038308486 0.59721625
0.44158062 -0.63373625 -0.36877865
0.43176326 0.2288627 0.70123875
0.4243018 0.14687881 0.5898485
0.47293055 0.17906418 0.66474813
0.57667345 0.08211649 0.69222087
0.40290585 -0.51058155 -0.488038
0.59022677 -0.09136895 -0.71378314
0.415855 -0.58341426 -0.39281765
0.41975588 -0.19548853 -0.6906493
0.42146617 0.24976796 0.52429694
0.41059053 0.59101415 0.18222712
0.5654024 -0.11559795 -0.64916337
0.4496884 0.07488993 0.6717532
0.43306422 -0.13438281 -0.7158537
0.48332083 -0.03285701 -0.5891463
0.41370514 0.47637454 0.23719242
0.41798472 0.23685211 -0.29022068
0.39894542 0.14644368 0.64564997
0.4571001 -0.097624965 -0.73415256
0.40194154 0.4915739 0.15396833
0.44552982 -0.20797595 -0.6683836
0.43410555 -0.024937082 0.59325194
0.41231638 0.545603 0.4538189
0.5048286 -0.34587678 -0.5143337
0.401743 -0.17281431 -0.5630418
0.41274276 -0.06910332 0.57987946
0.48217553 -0.09491003 -0.6282631
0.7173599 -0.07336245 -0.6637995
0.4153053 0.17177336 -0.39908063
0.4223646 -0.23963991 0.28270307
0.41929156 -0.3092476 0.2147668
0.43635142 -0.21250956 -0.62012076
0.45634586 0.3237926 -0.118121326
0.51172954 -0.066497974 -0.6556861
0.4445385 0.45257914 0.03134449
0.45830113 -0.071988136 -0.69174415
0.4463672 0.3244908 0.5638005
0.42666668 -0.5506625 -0.43692514
0.390507 -0.05369707 -0.5240187
0.45294636 0.004362136 -0.5728035
0.40409935 -0.34433612 -0.6075108
0.39667308 0.20284405 -0.31940678
0.4383067 0.66439164 0.34773225
0.40505776 -0.16575345 -0.7145573
0.43249 0.013574734 0.66222364
0.429537 0.63390046 0.24501722
0.40693304 0.5222846 0.37338644
0.39018643 -0.18050349 -0.6043397
0.47619817 0.07960893 -0.46179175
0.5590686 -0.12808985 -0.67600286
0.38786936 0.09592634 -0.47910908
0.3915022 -0.0221724 0.56614137
0.3962961 -0.024140405 -0.51329595
0.41957113 0.1640068 0.7102202
0.39529482 -0.1334292 0.4289452
0.40661454 -0.062742926 -0.5756792
0.40561894 0.036314316 0.72412866
0.41994953 0.4351648 0.41604763
0.41175625 0.5129288 0.07756064
0.7269967 -0.1324504 -0.68723756
0.5437356 -0.038255736 -0.6208521
0.4094863 -0.017763233 -0.5873131
0.4754962 -0.12763229 -0.70170367
0.431372 -0.16959687 -0.7085704
0.39860225 0.23025723 0.6578083
0.39674297 0.7063662 0.31640735
0.38736594 0.1287326 -0.3852168
0.5687139 -0.50715727 -0.3407839
0.40363246 0.2720628 0.64395773
0.40252775 -0.21930264 -0.61380696
1.0257273 -0.106325686 -0.6568837
0.6117852 -0.118851274 -0.6731037
0.41644943 0.2900614 0.63483953
0.40267706 0.11074071 -0.4300031
0.4751956 0.09561634 -0.4078907
0.47546214 -0.17315897 -0.62277937
0.4021719 0.23492041 -0.25474584
0.47447634 -0.06737404 -0.56276524
0.39298677 -0.2206757 -0.6828964
0.44847167 0.5324259 0.39485863
0.40645683 0.35558283 0.5289175
0.40590128 0.204393 0.68965125
0.42724198 0.5467325 0.12408114
0.55875033 -0.1344481 -0.6866007
0.40335247 0.5161916 0.47952336
0.4581024 -0.0068743676 -0.548168
0.65251386 -0.13116755 -0.65141284
0.406691 -0.5804545 -0.4310568
0.39826453 -0.016797794 0.5549873
0.42792487 -0.0012553558 -0.46014515
0.4051993 0.3968383 -0.049058527
0.41925475 0.2887402 -0.21689251
0.80240554 -0.07762534 -0.6813065
0.41274965 0.01729086 0.5278273
0.44527054 -0.5068257 -0.48477668
0.9539138 -0.10288772 -0.6404918
0.39511132 -0.072914325 -0.658667
0.43917805 0.0739326 0.72914934
0.39621568 -0.021360038 -0.6662843
0.40344763 -0.06872865 -0.77378017
0.43370903 -0.012821892 -0.56069595
0.4945486 -0.26601508 -0.567121
0.42602602 -0.041631453 -0.6940534
0.39191875 0.24508058 0.58459896
0.4170609 0.18247539 0.65384126
0.44657236 -0.47038975 -0.44545397
0.4169385 -0.65434146 -0.42198527
0.42774698 -0.40450528 -0.3716026
0.94731677 -0.096084274 -0.7205729
0.43885544 0.47543558 0.40266746
0.42215422 0.19934812 -0.33766964
0.4686207 0.35155165 0.5154077
0.4017731 0.2099617 0.59051925
0.46743864 -0.51317763 -0.3884846
0.45228475 0.4140529 0.47018424
0.39118034 0.03982051 -0.58122796
0.40995792 0.4029551 0.5343977
0.4003067 -0.0059503885 0.63044256
0.5593053 -0.23468436 -0.58180636
0.44688562 0.21821494 -0.25189316
0.46640837 0.3795191 -0.0100404695
0.4427657 0.14053427 -0.40121835
0.45258164 0.23389928 0.63837516
0.4014768 0.4625604 0.44464225
0.39444095 -0.38933945 -0.5808028
0.39390832 0.036488276 -0.4651835
0.5396135 -0.059459276 -0.7075998
0.40817374 0.02058581 -0.64176
0.4266321 0.22927074 -0.1814769
0.39153746 -0.093870334 -0.71523273
0.39769608 0.57687086 0.4418169
0.38758117 -0.093738 -0.60510534
0.4094366 -0.21101388 0.3355686
0.389777 0.07767291 0.71102184
0.4958864 0.099524066 0.70062995
0.41430992 -0.47314423 -0.5200527
0.3985699 -0.14061844 -0.667886
0.4691758 0.044236526 0.57985646
0.43682727 -0.41167384 -0.5058763
0.4838941 0.24997038 -0.18249242
0.8324896 -0.1541841 -0.6529846
0.40375027 -0.4179178 -0.4968113
0.40316823 -0.12646967 -0.5547694
0.40926236 -0.21791705 -0.5750257
0.50496626 -0.110708155 -0.7028021
0.39381656 -0.25983182 0.26214182
0.41068056 0.62878275 0.30491942
0.40383396 -0.10786664 -0.4108331
0.417485 0.16374284 -0.29298794
0.4262156 0.019323183 -0.6065735
0.39767265 -0.09269498 0.5253236
0.40727705 -0.56768054 -0.48414373
0.35311478 0.10400723 -0.33414862
0.40192497 -0.2828966 -0.59960675
0.40770954 0.38227153 0.5639242
0.42630947 0.31234983 0.5290533
0.47716606 -0.4242255 -0.4895093
0.41630024 -0.105751336 -0.47871938
0.3980499 -0.25581956 -0.55874175
0.41447124 -0.29979843 -0.6239446
0.450341 -0.5634246 -0.3998809
0.41127878 -0.4415338 -0.5598103
0.39243457 0.58298975 0.36050504
0.4457071 0.09096939 -0.5022388
0.41124636 -0.036271658 0.43252465
0.40201116 -0.29300144 -0.111913756
0.42550862 -0.33117017 -0.06761579
0.39934158 -0.34952495 -0.1255517
0.40974998 -0.25036243 0.09141522
0.39995772 -0.26361296 -0.10011702
0.3999179 -0.20670561 0.017388772
0.39630252 -0.21428642 -0.13171504
0.40158552 -0.1526073 0.08227773
0.4006585 -0.15655674 -0.096206635
0.40027612 -0.11045112 0.06382705
0.40108162 -0.118665926 -0.12318218
0.40867066 -0.06424742 0.124825686
0.40125954 -0.06380513 -0.09574055
0.416363 -0.024444047 0.102787614
0.40300745 -0.030291788 -0.13523191
0.41130567 0.00052637514 0.14272806
0.4012779 0.0054316698 -0.084255055
0.41192263 0.04219317 0.116785854
0.39890838 0.043243237 -0.12907961
0.41031706 0.07014876 0.1563972
0.40037948 0.08294799 -0.078193426
0.40247256 0.106585786 0.12753549
0.3944158 0.13154365 -0.09867348
0.39507037 0.13552357 0.1732442
0.3936187 0.16565251 -0.026555788
0.39589745 0.18003167 0.18094982
0.3993916 0.21140257 -0.0330994
0.39824337 0.23366022 0.20078903
0.3939526 0.27391103 0.04498692
0.38755172 0.28247246 0.21970421
0.39039075 0.30078217 0.0871215
0.39663905 0.2163718 0.0909321
0.40837437 -0.37797478 -0.15263349
0.3927303 -0.3711857 -0.08733903
0.40261912 -0.46153766 -0.21866244
0.40141785 -0.416827 -0.13958469
0.3934664 -0.46581647 -0.29654527
0.39955097 -0.36948702 0.059813526
0.39931136 -0.39965805 -0.18368253
0.3926494 -0.32358924 -0.05029958
0.39858633 -0.35070735 -0.22433202
0.40167707 -0.30970663 0.11330437
0.40423834 -0.31319067 -0.18268922
0.40930754 -0.26446292 0.010023641
0.4102912 -0.2920316 -0.23320933
0.40948963 -0.2561746 0.19172312
0.41057295 -0.2689893 -0.17073871
0.4133259 -0.2103529 0.08064744
0.41446632 -0.24298495 -0.21056715
0.40926158 -0.20509253 0.2509928
0.40989333 -0.2224947 -0.1195655
0.4104821 -0.15521282 0.1259638
0.4098763 -0.19838524 -0.17267574
0.4081717 -0.15168656 0.27257866
0.4151976 -0.18813774 -0.045647155
0.4089418 -0.11368846 0.16976984
0.42012423 -0.15390693 -0.123653576
0.41480452 -0.08741495 0.29245743
0.42816734 -0.1286133 0.01918405
0.42164958 -0.024043608 0.21205029
0.42883557 -0.09115916 -0.04342706
0.40985876 0.020914555 0.31247336
0.43154305 -0.032443915 0.11200352
0.4075098 0.105557434 0.2109157
0.39179343 -0.46589777 -0.17958398
0.4012167 -0.4304666 -0.09649681
0.39897555 -0.42849842 -0.24406065
0.4087053 -0.32748362 0.0070806174
0.40698856 -0.30958885 -0.2579829
0.4016974 -0.25365663 -0.042693693
0.39787245 -0.21125762 -0.2947849
0.3914525 -0.1743082 0.0051806113
0.39929974 -0.1471418 -0.26310676
0.39678824 -0.134437 -0.047139436
0.40316117 -0.09377107 -0.3277318
0.40442026 -0.06389473 0.044821296
0.4067269 -0.042698417 -0.28037786
0.40585518 -0.029931579 -0.019708939
0.40216428 0.007998024 -0.36829996
0.40775532 0.021319926 0.060936227
0.4051525 0.054730527 -0.2464062
0.4054799 0.056637965 -0.0023322152
0.40042508 0.09277924 -0.37344173
0.40587217 0.113532834 0.06362937
0.39866084 0.16803133 -0.19352211
0.39735913 0.16477537 0.03563708
0.39411706 0.20049918 -0.3110625
0.39683223 0.20844857 0.13906157
0.40002167 0.2539685 -0.08668488
0.3991688 0.25557062 0.10543816
0.40600097 0.27415404 -0.16557974
0.39025402 0.3242722 0.20098978
0.39320767 0.34788284 0.044455703
0.39257622 0.33870646 0.14156124
0.38478148 0.36652133 -0.024929687
0.39402395 0.3176164 0.030972231
0.38997263 -0.54028887 -0.25531596
0.39117652 -0.4980763 -0.07422611
0.40452445 -0.56720704 -0.32950252
0.39754838 -0.5134482 -0.16988212
0.40285963 -0.52571946 -0.4082322
0.3955698 -0.43573025 -0.013382426
0.39432448 -0.43922606 -0.30865175
0.3923096 -0.38697284 -0.020480413
0.39499938 -0.36996305 -0.3836142
0.40139085 -0.331214 0.067464046
0.40427136 -0.340815 -0.31252912
0.4048478 -0.28004813 0.10725841
0.4033602 -0.28557435 -0.40473217
0.40388674 -0.23266776 0.15370537
0.40258777 -0.27781343 -0.29725417
0.40134197 -0.19897239 0.1793791
0.4014619 -0.20722859 -0.3754025
0.40354335 -0.15242594 0.20524693
0.4011976 -0.19114196 -0.23157413
0.3961293 -0.118032806 0.23485233
0.40410912 -0.14292075 -0.28268343
0.39461392 -0.065137975 0.2255457
0.40862918 -0.10708039 -0.13909994
0.39622927 -0.028562631 0.26892936
0.42578936 -0.063530356 -0.18481135
0.40131646 0.033298727 0.24123207
0.4235868 -0.02502634 -0.000301742
0.40244097 0.06735433 0.28524202
0.43285197 -0.003515902 -0.07384074
0.40460825 0.15554075 0.30115265
0.43111312 0.056888707 0.09389147
0.4079283 0.19987902 0.24666274
0.38841438 -0.56779283 -0.23587944
0.3927223 -0.49471855 -0.12917124
0.39663637 -0.5414557 -0.30415586
0.3928342 -0.43540528 -0.060769606
0.403624 -0.38676322 -0.26815644
0.41346836 -0.3020426 -0.049464528
0.39681005 -0.2605253 -0.23864847
0.3979466 -0.21502627 -0.06044821
0.3994786 -0.14539593 -0.19484633
0.40742278 -0.12134434 0.0012582606
0.4042483 -0.09327868 -0.23725721
0.400778 -0.081130214 -0.02836204
0.40530097 -0.017047174 -0.20081604
0.40027082 -0.029140346 0.024528101
0.40571117 0.007681233 -0.24388528
0.38896716 0.009332386 -0.02393648
0.40477157 0.06936242 -0.14945923
0.3972134 0.05377399 0.04065949
0.40160036 0.10277159 -0.1908655
0.39833206 0.11179336 -0.012419299
0.40292746 0.17572843 -0.10027186
0.39996177 0.17058678 0.0915317
0.40287906 0.21448973 -0.12985913
0.40708625 0.2288335 0.03098977
0.40158808 0.26846087 -0.026934978
0.39931327 0.28939706 0.13736188
0.39611608 0.32739335 -0.037473504
0.4011165 0.3538817 0.091159545
0.39656752 0.40563348 0.034598712
0.39123595 0.40262195 0.18110825
0.38011134 0.42126262 0.11303706
0.39981657 0.39277235 0.08281935
0.39495265 -0.6418846 -0.29246628
0.3975382 -0.56165165 -0.13206397
0.3999753 -0.66859955 -0.3368121
0.39643878 -0.58573407 -0.18782249
0.40054423 -0.6341227 -0.4196964
0.40774345 -0.48080775 -0.046926938
0.4018665 -0.5331293 -0.39324212
0.40619844 -0.40412238 -0.04147883
0.40221894 -0.4254087 -0.4300574
0.41218418 -0.31141862 0.046785045
0.41404796 -0.320482 -0.35559052
0.405998 -0.23550275 0.062658295
0.41113102 -0.25119138 -0.3967283
0.4029591 -0.17129639 0.1278858
0.41398954 -0.21834087 -0.303083
0.4034465 -0.11802265 0.12208269
0.4047286 -0.16833709 -0.34758252
0.39689076 -0.079381205 0.15975942
0.40739518 -0.14445871 -0.20129195
0.4002663 -0.033525176 0.1519676
0.3987329 -0.09078143 -0.24280377
0.3979162 0.013114211 0.18391185
0.40389436 -0.051282115 -0.13082524
0.40456522 0.059702344 0.17786807
0.39627337 0.004009123 -0.15544829
0.3989036 0.10976725 0.21664736
0.40052176 0.035910454 -0.032690413
0.39458644 0.15907949 0.21089289
0.41388118 0.10149004 0.0005995063
0.40070766 0.21795142 0.2778246
0.43793613 0.14637232 0.12008156
0.41179007 0.28484583 0.2603265
0.3962412 -0.63092417 -0.22752766
0.39344758 -0.49331492 -0.02756118
0.39504772 -0.61000854 -0.36600542
0.3990634 -0.4549503 0.039845686
0.40409374 -0.47350177 -0.36971456
0.40699488 -0.32088816 0.17076448
0.41222793 -0.34841368 -0.42827833
0.41203898 -0.22655635 0.23927152
0.4113139 -0.21775296 -0.45060432
0.4100179 -0.10448851 0.3207394
0.41503978 -0.09418739 -0.46453264
0.40810525 -0.041597996 0.37127137
0.40434575 -0.026830884 -0.45007405
0.40119213 0.041609302 0.34056425
0.412607 0.04407785 -0.45133746
0.40251368 0.08005544 0.39405
0.3968122 0.08731979 -0.31315356
0.39909023 0.14461754 0.27170527
0.3999641 0.14486481 -0.3394163
0.39820123 0.186701 0.35316122
0.39589274 0.21513368 -0.21083659
0.40245074 0.25941443 0.25929838
0.40079713 0.25405118 -0.22697364
0.39744794 0.30065382 0.30134276
0.3974985 0.32458118 -0.08307088
0.3927701 0.37756827 0.21268938
0.39039063 0.38818023 -0.09208918
0.39113265 0.4377459 0.227857
0.38916087 0.4572391 0.05783384
0.38707256 0.48042986 0.22541574
0.38984358 0.47974336 0.10682252
0.38759917 0.45880064 0.16878256
0.39862555 -0.6537626 -0.29137248
0.40217364 -0.5409842 -0.076037034
0.40497035 -0.66517025 -0.38485348
0.39224172 -0.5793503 -0.1395248
0.391528 -0.5999431 -0.44033146
0.4009605 -0.44369435 0.06745362
0.39880556 -0.5177687 -0.477996
0.4109534 -0.38146347 0.13244724
0.4090162 -0.41863754 -0.5126191
0.40996444 -0.27228722 0.25420174
0.40357482 -0.3068368 -0.50642353
0.40800214 -0.20439798 0.33523357
0.39493036 -0.23612979 -0.5174734
0.40260953 -0.13537171 0.4108979
0.3955931 -0.18447956 -0.4703884
0.3989842 -0.06942682 0.42438325
0.39544183 -0.12724958 -0.48123312
0.39828527 -0.00025232416 0.47980008
0.3948325 -0.08043426 -0.38840395
0.39829808 0.05569557 0.46614206
0.3965928 -0.029598013 -0.3747278
0.40388566 0.13092995 0.4986824
0.39616668 0.025267087 -0.28888115
0.39700127 0.18682319 0.45973527
0.399108 0.09105351 -0.2689805
0.39574838 0.2454521 0.43731707
0.3956117 0.15858418 -0.12744395
0.39149994 0.3102704 0.3886109
0.40688825 0.2215387 -0.06061427
0.3930788 0.3535289 0.3506213
0.43831253 0.25689408 0.14325891
0.40249288 0.35837445 0.29011285
0.4092757 -0.5855637 -0.2077825
0.4063291 -0.47445267 -0.06860611
0.39887673 -0.5824414 -0.3253517
0.4069276 -0.44776133 -0.017097823
0.39538276 -0.48890844 -0.29974094
0.40471673 -0.35346705 0.09890259
0.40973675 -0.3804696 -0.32409137
0.4074027 -0.2615895 0.15010652
0.40764654 -0.24669626 -0.32647324
0.41059834 -0.14314014 0.293665
0.4066205 -0.119840555 -0.38500658
0.39483786 -0.06291766 0.3061014
0.39793044 -0.005276788 -0.3793478
0.3895898 -0.01488883 0.34263307
0.3937639 0.052752458 -0.3665921
0.38641506 0.07978941 0.30083415
0.39093918 0.12179891 -0.2506051
0.39445066 0.11754998 0.3612488
0.393022 0.17596315 -0.2614702
0.39740294 0.23421727 0.28810182
0.39626312 0.268932 -0.14097087
0.4029315 0.26374498 0.33963454
0.39888918 0.3149022 -0.16708826
0.39697695 0.38082308 0.27212936
0.4028908 0.38306838 -0.0269382
0.39231545 0.4215022 0.32185787
0.39943552 0.45353428 -0.0054456564
0.38622314 0.52907604 0.23881167
0.40494585 0.5188779 0.11148873
0.3915972 0.5413015 0.318808
0.39631605 0.5674401 0.19062456
0.39536154 0.53373426 0.21543267
0.4166441 -0.61549604 -0.29247993
0.42325038 -0.51678866 -0.1160128
0.4238057 -0.6353587 -0.34205067
0.41289586 -0.55501467 -0.15940453
0.4054951 -0.6062466 -0.40927082
0.4231949 -0.452907 0.029473912
0.41172045 -0.5161795 -0.39249212
0.42516422 -0.39081094 0.10508065
0.40297264 -0.43945828 -0.4434046
0.41212887 -0.31466046 0.23365653
0.40490758 -0.3259308 -0.41338992
0.40017056 -0.2397304 0.29459888
0.38589978 -0.25498626 -0.44082606
0.39577842 -0.17455956 0.36953047
0.39888108 -0.19279873 -0.4083292
0.39000964 -0.09804544 0.3779083
0.39077163 -0.12257823 -0.4149124
0.39799446 -0.022930445 0.39711416
0.40390795 -0.082552075 -0.33374277
0.40032738 0.023601405 0.39827484
0.39868546 -0.037622493 -0.30233794
0.40794605 0.09839563 0.4209291
0.4061151 0.031778276 -0.219753
0.39725417 0.15191154 0.40475821
0.4054336 0.08992792 -0.18801348
0.4011925 0.24503568 0.37617996
0.40816683 0.15190698 -0.06816556
0.38874495 0.31951255 0.3260622
0.42793816 0.22940952 -0.014455278
0.3904041 0.42800614 0.35377866
0.4328555 0.3467705 0.21045455
0.3973422 0.4667433 0.31105876
0.42356074 -0.56530464 -0.24145344
0.41865057 -0.4745852 -0.13122177
0.41357958 -0.57409304 -0.3682353
0.4345085 -0.43229875 -0.011244715
0.4104684 -0.46448436 -0.34248617
0.4392848 -0.32512155 0.1207808
0.41753894 -0.37001058 -0.4234305
0.43156725 -0.25513342 0.24470492
0.41260707 -0.26543695 -0.4435386
0.41324127 -0.14440686 0.3403378
0.41238815 -0.17633161 -0.5209884
0.4026454 -0.06523594 0.4141065
0.40192842 -0.06743281 -0.5337405
0.39790404 0.024212193 0.43413022
0.40078205 -0.0029332591 -0.5130798
0.39397037 0.08216562 0.48765868
0.40207916 0.08343495 -0.44234294
0.40501595 0.17590463 0.39904505
0.40153736 0.15927915 -0.37367553
0.406357 0.2504975 0.44372815
0.40755498 0.24716184 -0.2879308
0.40174037 0.33421907 0.38810968
0.40531397 0.30498907 -0.20761374
0.38620245 0.39965054 0.4134916
0.40976512 0.38169965 -0.106582105
0.39242232 0.47932813 0.384636
0.41222382 0.46819624 -0.030798089
0.39117742 0.5823102 0.35081834
0.40699393 0.5447603 0.14648199
0.3897851 0.64345276 0.35928982
0.40529603 0.6264735 0.2338031
0.40691513 0.60721666 0.2802876
0.4246294 -0.6060903 -0.3142494
0.42993158 -0.52285975 -0.16471583
0.44749492 -0.6023906 -0.3680427
0.44215328 -0.52700466 -0.20523456
0.43574125 -0.54865056 -0.41237047
0.43468893 -0.39955264 0.0404881
0.43827808 -0.46828827 -0.41070062
0.44367033 -0.33576998 0.14879972
0.44029814 -0.3957162 -0.4658659
0.43288958 -0.25665623 0.29837406
0.44509894 -0.30893138 -0.4655658
0.4248972 -0.17774379 0.3598637
0.44127208 -0.24312204 -0.5027222
0.42026997 -0.09664693 0.45463008
0.43425006 -0.18647556 -0.49058294
0.41002214 -0.040254485 0.48879158
0.43249464 -0.11094034 -0.5378118
0.40679008 0.034519613 0.5421812
0.42363417 -0.07065421 -0.44084728
0.3966967 0.08727455 0.53332525
0.4231577 0.0043995166 -0.42747617
0.40184855 0.1668613 0.54364
0.4149266 0.054387815 -0.314748
0.389216 0.21461277 0.5075096
0.4205131 0.13022915 -0.28052938
0.4009859 0.3024396 0.5052753
0.4286337 0.18670231 -0.14651385
0.39318496 0.40209374 0.47503638
0.4379214 0.33534518 -0.047331046
0.39246708 0.5123062 0.40358505
0.42909008 0.44321206 0.18394622
0.41101956 0.5343577 0.32436636
0.4431582 -0.5887496 -0.293139
0.4413244 -0.5411066 -0.26340994
0.42912018 -0.55869687 -0.31972986
0.4322344 -0.47422987 -0.14333744
0.42972952 -0.45187488 -0.25042787
0.43956715 -0.35007706 -0.026946768
0.43260312 -0.35914528 -0.2563172
0.43796712 -0.26477614 0.072362795
0.4325096 -0.23743291 -0.17921297
0.43637007 -0.17403069 0.14956148
0.44713956 -0.18455327 -0.3117115
0.44327915 -0.098754935 0.17460087
0.44281417 -0.07068091 -0.26607266
0.44412708 -0.03436384 0.2468366
0.43477958 0.023552638 -0.35212713
0.443004 0.05711253 0.2575162
0.42353797 0.11027735 -0.23704715
0.4228407 0.13169107 0.38210034
0.41727638 0.21121024 -0.2814368
0.4272747 0.23042437 0.34426147
0.4261226 0.27535158 -0.13674372
0.40789878 0.28384265 0.4228041
0.41464317 0.34878716 -0.1327593
0.4057858 0.3810173 0.37439293
0.41637105 0.40065137 0.007395084
0.39562201 0.46488798 0.47788638
0.42274123 0.46576446 0.063228846
0.4088564 0.5794954 0.41238582
0.43193173 0.560692 0.1801148
0.41398 0.6538495 0.38045135
0.41925442 0.6447153 0.27748272
0.4250142 0.63390154 0.3135758
0.48247772 -0.60909647 -0.3507669
0.45471114 -0.5704156 -0.24374673
0.5144161 -0.59715146 -0.35965896
0.45739752 -0.56294394 -0.26645267
0.45237964 -0.5464862 -0.35547423
0.44906878 -0.4455705 -0.061408293
0.44404376 -0.46646848 -0.29978168
0.44642103 -0.3660783 0.038432736
0.43664008 -0.3932648 -0.32517046
0.4374032 -0.2766166 0.18024492
0.45599276 -0.31384167 -0.2242233
0.44586116 -0.18820478 0.24313715
0.450386 -0.25201797 -0.3025908
0.4398228 -0.12036324 0.33539337
0.45544195 -0.17448612 -0.21510899
0.45078868 -0.058935456 0.33384442
0.4531482 -0.11639767 -0.32388628
0.43036586 -0.0055024913 0.43525496
0.4494893 -0.059097067 -0.18651527
0.43470377 0.07225153 0.41979998
0.44266963 0.0013205456 -0.21882308
0.4215318 0.12449246 0.49105412
0.4423421 0.041105196 -0.092440695
0.42585856 0.19249153 0.45378873
0.44822264 0.11892835 -0.10058089
0.4302687 0.28226215 0.50722355
0.4494202 0.16638051 0.021960162
0.42405248 0.35946032 0.4398299
0.4541937 0.32819667 0.0981023
0.41067547 0.51268107 0.43987498
0.44261384 0.4675546 0.25719845
0.43806648 0.5847014 0.35313135
0.5261274 -0.59687775 -0.32791984
0.47776914 -0.5807317 -0.2962377
0.47449017 -0.57903785 -0.336738
0.4387622 -0.5223734 -0.19412829
0.44648266 -0.48748353 -0.32549542
0.4582786 -0.38675138 -0.04560417
0.44616765 -0.35172027 -0.32746297
0.4558134 -0.2588421 0.09637012
0.43776578 -0.2350305 -0.3389928
0.4446029 -0.12650588 0.17967874
0.4591828 -0.16058274 -0.39840907
0.44697958 -0.073908776 0.2633164
0.45687896 -0.06858264 -0.39517906
0.4587286 0.012079378 0.21590789
0.46180516 -0.0040102797 -0.45969504
0.45582366 0.06357892 0.37841085
0.44866574 0.10339365 -0.36650723
0.44148296 0.16267537 0.33617672
0.44678098 0.16735514 -0.33717224
0.4511749 0.232428 0.42520988
0.45175862 0.24915597 -0.23554644
0.43709552 0.31757948 0.38205448
0.4498883 0.2996855 -0.1741763
0.44947928 0.3988439 0.4284366
0.44868577 0.38827983 -0.07256701
0.43142098 0.47242942 0.4316239
0.44558078 0.44868752 0.04193066
0.44197887 0.5515992 0.3930643
0.44309312 0.52595824 0.1926665
0.41209978 0.62127286 0.36124772
0.4412185 0.60466784 0.25784826
0.44431 0.6094579 0.30498633
0.6054878 -0.596015 -0.34341925
0.54219204 -0.5800908 -0.27153635
0.63699704 -0.59052855 -0.3612401
0.515246 -0.58222455 -0.2983662
0.5063562 -0.53623396 -0.32470727
0.4663692 -0.44348767 -0.09019874
0.46484345 -0.45659596 -0.36996436
0.4569397 -0.33746892 0.07010603
0.44810587 -0.38370383 -0.37022546
0.45214146 -0.23897052 0.23964936
0.4537912 -0.31155285 -0.35998863
0.4533791 -0.15178591 0.36120886
0.4504053 -0.24090591 -0.42140594
0.45235568 -0.069036834 0.4617877
0.45438236 -0.17190054 -0.3561499
0.45839733 -0.010255144 0.519449
0.45401776 -0.09949044 -0.43865028
0.4589483 0.08676938 0.55662745
0.44673812 -0.037101492 -0.32728812
0.448857 0.14200252 0.59912837
0.45661807 0.05270634 -0.30515897
0.44579238 0.21073763 0.56771904
0.4470482 0.0984997 -0.22498885
0.44271147 0.2782334 0.5445836
0.45380878 0.17864951 -0.1952455
0.42791164 0.35749283 0.52459663
0.45216018 0.26953134 -0.07846712
0.44061387 0.44170314 0.44067994
0.44278687 0.41186887 0.08702476
0.42253852 0.5571244 0.4057263
0.4508146 0.52859414 0.27584317
0.47279304 0.58490896 0.2934212
0.62866825 -0.6001028 -0.3276384
0.58117485 -0.5874421 -0.29930222
0.55586284 -0.58721036 -0.31960738
0.47131985 -0.5506142 -0.265724
0.4609753 -0.52237076 -0.25455445
0.45702654 -0.4168285 -0.14177498
0.46748352 -0.37620375 -0.16101462
0.45787895 -0.28372073 -0.04543079
0.44322526 -0.24194679 -0.102293
0.4390831 -0.16520697 0.05806558
0.4434862 -0.16114104 -0.05307642
0.44603157 -0.099391825 0.08678961
0.45242393 -0.073168084 -0.044737045
0.45277697 -0.025740393 0.13202967
0.4528303 0.007298098 -0.055389952
0.44684255 0.058014803 0.117510155
0.4553507 0.11685286 0.013302847
0.46059972 0.15029144 0.23751843
0.4432969 0.21556164 0.015079695
0.44467056 0.2439284 0.2103634
0.43671829 0.2986119 0.04745842
0.4451434 0.31589696 0.28846124
0.4433596 0.36957037 0.10637461
0.44811976 0.42289078 0.27241918
0.4532621 0.4309252 0.08846243
0.44274437 0.4803919 0.36734664
0.44989556 0.4853408 0.14463498
0.46106678 0.5630408 0.33904147
0.4803716 0.5542831 0.20908271
0.4662714 0.6141978 0.34133673
0.5123394 0.6086711 0.26808983
0.49948674 0.6170834 0.3050944
0.73887354 -0.5935424 -0.3259271
0.68079835 -0.58101183 -0.28245276
0.80611384 -0.59264624 -0.34775412
0.63708216 -0.59327376 -0.3162734
0.6329838 -0.55933756 -0.32600594
0.48667258 -0.5235064 -0.19636363
0.48260474 -0.52217346 -0.29321486
0.46882457 -0.43378526 -0.04527497
0.45043182 -0.39462462 -0.17044897
0.44875264 -0.27714303 0.1580079
0.44276166 -0.29894486 -0.0908647
0.45224327 -0.17482084 0.2870682
0.4393233 -0.2247611 -0.005085389
0.4569214 -0.09723843 0.39670005
0.45350116 -0.15911314 0.029563472
0.46140528 -0.019043308 0.42114612
0.45308477 -0.0826812 0.031013805
0.46094382 0.06479971 0.5005667
0.4562328 0.0038726414 0.023025297
0.44793445 0.15128182 0.50585836
0.44575405 0.09564692 0.11830235
0.4515952 0.21368958 0.48801008
0.44718713 0.17598496 0.14808467
0.4527542 0.29536054 0.44263613
0.44395554 0.25801542 0.16011897
0.43677354 0.37401423 0.4403088
0.44879758 0.36382657 0.17723551
0.45015752 0.46833512 0.38637406
0.45296448 0.47856724 0.2678744
0.47408313 0.5780471 0.3597175
0.5277787 0.56707174 0.31677806
0.5636464 0.6048839 0.29349804
0.8181245 -0.60065615 -0.33110842
0.7354954 -0.58005553 -0.30565304
0.77741146 -0.5673671 -0.35912496
0.59986544 -0.56194884 -0.316026
0.5210006 -0.54970986 -0.30973333
0.45222592 -0.4783031 -0.24739471
0.47923273 -0.46937898 -0.27170458
0.4866721 -0.32788226 0.02738576
0.4519217 -0.28229997 -0.16963008
0.44490892 -0.1546242 0.20443892
0.44167238 -0.17179072 -0.1370407
0.42878973 -0.044352964 0.29564536
0.4398566 -0.0902566 -0.12194224
0.42447084 0.042630017 0.34259695
0.43659884 -0.0263055 -0.15742034
0.43514782 0.11306124 0.3805209
0.44906223 0.059440367 -0.13821828
0.43888032 0.16996428 0.41850036
0.44158065 0.16080816 -0.0966592
0.41975218 0.26061234 0.40678376
0.44382966 0.2627277 -0.05489816
0.440571 0.35720137 0.3748606
0.44224846 0.35977188 -0.0066952826
0.4601397 0.45937192 0.37308156
0.4457698 0.43961406 0.04304893
0.45392787 0.52979183 0.33943468
0.4554811 0.5004397 0.18883502
0.5156698 0.5744676 0.34298807
0.5420538 0.5733106 0.2514372
0.5970206 0.59671736 0.31651348
0.6410968 0.5808716 0.2591666
0.6226044 0.59964526 0.29048204
0.9246219 -0.59124064 -0.33093768
0.8665027 -0.58430153 -0.32292098
0.9631719 -0.5756971 -0.36188245
0.8224717 -0.59202474 -0.30593413
0.81648856 -0.5516508 -0.35410145
0.5169201 -0.56172115 -0.28929555
0.5271954 -0.54437155 -0.34510154
0.44787925 -0.45576534 -0.12681913
0.41938835 -0.4448819 -0.3247754
0.43211883 -0.24950196 0.22377506
0.4273026 -0.287582 -0.26128134
0.4278595 -0.10381069 0.42121398
0.41316682 -0.17051262 -0.22457284
0.43828446 -0.03288178 0.5292178
0.4269374 -0.07714173 -0.20018938
0.4744045 0.05198025 0.5848319
0.42762727 -0.03915681 -0.2572543
0.44844043 0.09475117 0.6688051
0.4295234 0.038455233 -0.24030752
0.43671477 0.16306935 0.65322304
0.42105603 0.15426405 -0.13191988
0.44456774 0.26781243 0.59812015
0.45958877 0.2642633 -0.08047722
0.4467203 0.40349606 0.49933395
0.4204535 0.36978593 -0.002767154
0.4644512 0.50001323 0.39603496
0.43637604 0.48251072 0.12891224
0.60402274 0.55180615 0.37052256
0.5560234 0.55041885 0.24857001
0.637838 0.58330214 0.3384286
0.673292 0.5647822 0.32505357
0.70072913 0.6043429 0.30352128
0.93521786 -0.58079225 -0.37141782
0.90339565 -0.59202164 -0.3230798
0.9388724 -0.5702475 -0.37935647
0.77952296 -0.5664523 -0.35397714
0.65561503 -0.5695599 -0.34178585
0.4346565 -0.53897005 -0.2738279
0.42489982 -0.5285862 -0.24584413
0.42633128 -0.25481427 0.18260457
0.421745 -0.20077407 0.09619078
0.4569415 -0.06995282 0.42170846
0.43611318 -0.061118215 0.21642907
0.46099 0.039572936 0.56056553
0.44267124 0.03454406 0.23664474
0.5795724 0.07905167 0.58766073
0.4483918 0.06231282 0.40021437
0.64281875 0.09864006 0.664244
0.43113464 0.06454417 0.19134898
0.59202147 0.14230242 0.67045015
0.45589572 0.13806245 0.30596477
0.5049164 0.17366883 0.6325771
0.42642885 0.2695429 0.21963932
0.43506825 0.4236866 0.3558158
0.43202758 0.4437602 0.21202707
0.44643837 0.527738 0.37502983
0.45354164 0.49665645 0.2570605
0.62631184 0.55897003 0.35621673
0.59392035 0.5431014 0.2803802
0.8578815 0.5873856 0.33226892
0.81941575 0.5650847 0.2795285
0.94096595 0.5892929 0.2663914
0.8670468 0.5837794 0.29481763
0.80306906 0.5850752 0.273121
0.98284656 -0.5747294 -0.31584933
0.98617274 -0.6119562 -0.32260454
0.98734814 -0.59546274 -0.35040402
0.92945844 -0.59715694 -0.33863074
0.9009157 -0.5599783 -0.33710995
0.58762014 -0.5820222 -0.30318546
0.5404817 -0.6140607 -0.331304
0.41081488 -0.48297122 -0.1271757
0.43382066 -0.51168865 -0.23771997
0.41144478 -0.11488428 0.41423222
0.4362434 -0.14776567 0.22648534
0.49991775 0.03196765 0.6016285
0.44990695 0.031801403 0.48729843
0.7606824 0.06417775 0.6290098
0.61597174 0.07524232 0.56988096
0.9162177 0.09472441 0.6612982
0.7164106 0.09850065 0.6112178
0.93086857 0.1258035 0.6772532
0.6632113 0.101993464 0.56572026
0.794455 0.12840942 0.66331226
0.49767023 0.118540205 0.6294057
0.48847592 0.16574375 0.68507165
0.4351279 0.29890832 0.5061791
0.4425754 0.5007634 0.38902855
0.4183247 0.49357054 0.33442953
0.6542188 0.54997987 0.3610121
0.63394654 0.530501 0.2943539
0.9247387 0.562743 0.3739521
0.7670533 0.54616684 0.32269412
0.8918354 0.601912 0.3487435
0.8066873 0.57379144 0.3106146
0.75221825 0.60354286 0.35533732
0.95063597 -0.57816315 -0.34820932
0.9913179 -0.5718704 -0.32456973
0.9798351 -0.5658547 -0.37243658
0.8603132 -0.5701734 -0.30532485
0.6726244 -0.5770631 -0.34191322
0.4273411 -0.5226676 -0.22040063
0.4305606 -0.4421309 -0.09184182
0.40732592 -0.10139572 0.41163734
0.43971062 -0.047428355 0.50218177
0.50310725 0.048988916 0.5742267
0.5852312 0.055438742 0.6264382
0.8043429 0.06829902 0.6520944
0.8364057 0.06275279 0.6184676
0.96427554 0.053990014 0.66662586
0.9630738 0.06112028 0.61046296
0.98827934 0.09040568 0.6736454
0.9702226 0.09193218 0.6169558
0.98228884 0.14499618 0.66409844
0.90006715 0.11962279 0.6210672
0.8243659 0.122832544 0.62816614
0.59892666 0.12544036 0.62203056
0.43099493 0.4551126 0.35784006
0.47823232 0.5286918 0.3297181
0.6854002 0.54628927 0.28935468
0.7790516 0.5294969 0.32293946
0.96402055 0.5415539 0.3388397
0.9644847 0.5429016 0.28826183
0.99422544 0.56943923 0.36943516
0.99095756 0.57685417 0.30859682
0.9777808 0.59872466 0.35538605
0.938551 0.5943614 0.32234508
0.7998378 0.6006667 0.3295494
0.8711154 -0.55938673 -0.3207037
0.9259009 -0.5763269 -0.33254552
0.9646898 -0.5748704 -0.3057748
0.8559617 -0.58541924 -0.32703358
0.7306197 -0.5930612 -0.32310802
0.5217876 -0.59467673 -0.32104445
0.43718785 -0.5763236 -0.28116804
0.41538024 -0.33471152 0.050093498
0.42234272 -0.21618184 0.19884217
0.4467948 0.03351692 0.5631793
0.45888734 0.030244313 0.59151155
0.584982 0.04549297 0.6549906
0.6753656 0.05124127 0.61727774
0.73530877 0.06920889 0.6515846
0.8783104 0.072046034 0.64125234
0.8243523 0.087277524 0.6759518
0.868007 0.09390522 0.61136097
0.7749727 0.1345761 0.6830088
0.8395303 0.12980478 0.6472214
0.73266894 0.13501614 0.64808935
0.60713625 0.13101529 0.63033986
0.49189955 0.13174856 0.68026334
0.46242064 0.17104843 0.57883716
0.48558408 0.5057646 0.34623817
0.56440926 0.53682256 0.3117273
0.6818983 0.5392201 0.34327048
0.81556517 0.52575856 0.32865345
0.84436303 0.5459988 0.371655
0.89151865 0.5507604 0.31932014
0.8174636 0.57386947 0.38561726
0.8410336 0.5963524 0.33976233
0.7357088 0.57581335 0.3499421
