0.82511383 -0.2393922 -0.7485716
0.79484916 -0.27896875 -0.823174
0.6956582 -0.6093511 -0.5775844
0.5989758 0.105496 -0.33783898
0.634663 -0.17454292 0.24451442
0.8660239 0.08626256 -0.35557285
0.5697902 0.0857971 0.54650676
0.570509 0.5069107 0.23336984
0.8699046 0.008938581 -0.3849093
0.57223177 0.3101334 -0.041980222
0.5978105 0.32038555 0.6311117
0.57722646 0.29965398 0.55718195
0.6141454 0.3603319 0.75423163
0.690274 0.19442064 0.82348794
0.6093583 0.3616828 0.55686337
0.7990388 -0.37640074 -0.6121773
0.67723125 -0.2931269 -0.83837306
0.81688946 -0.5640667 -0.6229163
0.43458778 0.3679065 0.098979585
0.6055375 0.0757671 -0.39173603
0.6486085 -0.14549024 0.32965752
0.81787264 0.21115237 -0.17219967
0.8621694 -0.0225969 -0.54946625
0.68381596 -0.14643735 -0.68196064
0.5856139 0.11852107 0.6321485
0.66129875 0.14847519 0.75372964
0.51071936 0.3994279 0.04493383
0.6179466 -0.22268534 0.17292343
0.4003675 0.3225183 0.022451647
0.7083955 -0.2746567 -0.76707554
0.6141754 -0.020210152 -0.53632337
0.68798774 -0.11594799 -0.56794274
0.73990786 -0.012892187 -0.52799636
0.7462219 -0.17302035 -0.6870907
0.8778377 -0.08832631 -0.63993
0.72285384 0.22608706 -0.1759434
0.79750776 -0.46002117 -0.5218357
0.6560108 -0.07318856 -0.642492
0.6195703 0.24785879 0.85332394
0.658744 0.083241925 -0.42031872
0.54049605 0.2616103 0.42380944
0.58406293 0.3901429 0.46709466
0.6142678 -0.24646606 0.12552601
0.6140087 -0.24742652 -0.8424935
0.50419587 0.09842594 -0.34577897
0.61041945 -0.26377693 -0.8085618
0.52142704 -0.16517441 0.20425096
0.6947212 0.32514775 0.8730553
0.57927054 0.059964396 -0.37919194
0.68749225 0.10605497 0.67139435
0.84675694 -0.5201862 -0.41596133
0.67714065 0.10137691 -0.38345054
0.588515 0.5247397 0.44439173
0.6459 0.11147535 0.67758596
0.5931044 -0.13719235 0.35015437
0.6526774 0.0025571436 0.5371423
0.87889713 -0.16741842 -0.6882282
0.5731665 0.5302931 0.5407132
0.5733664 0.03573817 -0.4432313
0.9833182 -0.13555665 -0.5739982
0.63270646 -0.17224145 -0.81238645
0.6906535 0.039063346 -0.4612235
0.59191585 -0.33328214 0.034755796
0.55037594 -0.43717965 -0.16131675
0.6240335 -0.25680915 -0.6124385
0.7749363 -0.21652198 -0.8347494
0.51750815 0.41901532 0.25173384
0.64275724 0.16888744 0.7814315
0.61288613 0.44289535 0.66688704
0.62582904 0.19467793 0.68834484
0.60365736 0.62595713 0.5725213
0.818432 -0.08726646 -0.5915081
0.570269 0.14216395 0.56257945
0.6411253 0.041149035 0.5734785
0.990911 -0.0692856 -0.583857
0.72378635 -0.18425491 -0.5907683
0.5876392 0.16055685 0.73240906
0.66966105 -0.18414183 -0.7013538
0.6000646 0.038342435 0.5632574
0.590824 0.3477024 0.014359591
0.59303206 -0.29827645 -0.73901224
0.46501157 -0.07869646 0.31932807
0.97490066 -0.097211115 -0.49762726
0.54315317 0.030259807 0.5044845
0.6699629 -0.3497783 -0.7919452
0.59538466 -0.14607847 -0.7401851
0.72725224 -0.33627 -0.81138045
0.7910562 -0.18861446 -0.7476072
0.48374608 0.2915601 -0.06982132
0.94629586 -0.14992228 -0.613654
0.45385638 -0.005973961 0.41149357
0.76918364 -0.6184666 -0.6020993
0.6362072 0.28057384 0.846575
0.5096055 0.07252389 0.4401045
0.67353356 0.26169857 0.8768462
0.7197883 0.18139929 0.8101359
0.60390604 -0.39628145 -0.64999425
0.8136906 -0.09673969 -0.65448254
0.7349781 -0.5371007 -0.6575721
0.65769315 -0.21040362 -0.8099206
0.45746845 0.21395655 0.3069654
0.5348282 0.45523262 0.16546279
0.8223962 -0.13798851 -0.6743386
0.68402207 0.05966796 0.5863707
0.6861562 -0.15880448 -0.7597696
0.8057304 -0.020880736 -0.4863205
0.47460097 0.31812456 0.260535
0.6113937 0.23756243 -0.13927373
0.5834953 0.16457684 0.62542874
0.721998 -0.115585126 -0.6859246
0.4651024 0.39141658 0.17193316
0.71475816 -0.23595627 -0.8206231
0.6434623 -0.04164911 0.45308772
0.593987 0.52473485 0.61716557
0.802039 -0.29589066 -0.7004587
0.56483185 -0.08289949 -0.51853323
0.6303051 -0.07180061 0.41310427
0.80207735 -0.15185943 -0.62473875
0.9260916 -0.06917474 -0.58051586
0.56531346 0.1983167 -0.19760877
0.6039353 -0.29095468 0.06928541
0.5950396 -0.36863616 -0.053305194
0.7448174 -0.2705537 -0.8566756
0.7153312 0.34567797 -0.038562246
0.79598916 -0.0351158 -0.5425289
0.59660673 0.42270595 0.07441471
0.7338978 -0.10272421 -0.54444706
0.6355721 0.41229907 0.8174542
0.7300703 -0.44068772 -0.7542048
0.53671837 0.037507974 -0.4199229
0.7564584 0.060764752 -0.40587246
0.6253195 -0.31327564 -0.8388032
0.5451883 0.24377184 -0.11714336
0.5700017 0.6050879 0.5009237
0.59262 -0.21761245 -0.80588657
0.65301967 0.0146537125 0.5260347
0.5769606 0.5932211 0.43090963
0.5573299 0.37446973 0.31895477
0.57298183 -0.07891908 -0.58407986
0.73293567 0.106469154 -0.3124689
0.8078014 -0.2446179 -0.8321282
0.5565455 0.12586097 -0.2868762
0.5690364 -0.04856445 0.40360034
0.6327071 0.033259667 -0.4289414
0.5929558 0.23433143 0.79277766
0.5786621 -0.19459014 0.20690131
0.6177596 -0.0040880977 -0.51189667
0.5919124 0.022040796 0.5098964
0.5098988 0.29317245 0.33983904
0.54334486 0.45418292 0.094528094
0.85101604 -0.16543075 -0.6343911
0.850268 0.0402043 -0.4624527
0.689861 -0.09194746 -0.49906164
0.74018973 -0.17979345 -0.8041185
0.6636859 -0.22128779 -0.8703638
0.5812771 0.23079684 0.5920247
0.58015275 0.5034546 0.35276592
0.4960463 0.17176661 -0.20816332
0.81543124 -0.34512645 -0.7032613
0.5999542 0.2587645 0.6532789
0.59065706 -0.15303855 -0.6353832
0.8969456 -0.11198603 -0.6737232
0.87891483 0.018897297 -0.47774345
0.5966761 0.3202548 0.71793234
0.615289 0.17010695 -0.25853336
0.7779687 0.18297872 -0.23335105
0.73833025 -0.23098272 -0.6274073
0.5943941 0.27513865 -0.08368315
0.7840317 0.09096656 -0.3712532
0.5671653 -0.1724134 -0.7272875
0.61228573 0.54901284 0.67757154
0.5852779 0.29454127 0.47927448
0.59578085 0.29887235 0.7651635
0.5613011 0.46972534 0.17604658
0.7935687 -0.14380907 -0.73755604
0.60301125 0.42749292 0.59427065
0.79412854 0.117180854 -0.32637227
0.8979998 -0.12890613 -0.5730833
0.5910927 -0.44106022 -0.29808334
0.5667457 -0.06112525 0.46721894
0.8325005 0.14239165 -0.23595768
0.5262182 0.34855384 -0.0011774073
0.6298954 0.31733742 -0.050856322
0.9521646 -0.029036738 -0.5735676
0.4916598 -0.08523767 0.3988008
0.68051475 -0.42201635 -0.75285107
0.94478476 -0.06267919 -0.50139433
0.6309087 -0.061810754 -0.6124732
0.6257616 0.07301013 0.6252598
0.7001251 -0.044052668 -0.5901436
0.64534295 -0.120482475 -0.7197698
0.7470502 0.0034210272 -0.4735309
0.8129404 -0.33043697 -0.8122653
0.7232399 -0.05914951 -0.63018644
0.58641106 0.20726451 0.4992115
0.58046746 0.24990067 0.7206631
0.7782374 -0.39703718 -0.7798028
0.6565279 -0.5454887 -0.6794121
0.56548744 -0.36977643 -0.18914509
0.9562566 -0.09257578 -0.6376361
0.7283082 0.50976 0.75672346
0.64633834 0.21211424 -0.19349718
0.71731424 0.42948163 0.8415433
0.53753436 0.12417297 0.4850056
0.7956173 -0.45558575 -0.7271561
0.63148576 0.47850123 0.7603942
0.6270277 0.04525304 -0.4776194
0.6206598 0.43652937 0.7479512
0.54857373 -0.022838585 0.43597353
0.80237246 -0.19994634 -0.64590013
0.66477287 0.25940976 -0.12843591
0.6618694 0.3730542 0.041153893
0.6997943 0.17057075 -0.25230527
0.6268233 0.34016868 0.83384633
0.56829214 0.31823796 0.38141128
0.58899766 -0.33829427 -0.79644454
0.4869138 0.1163051 -0.30927408
0.7899743 -0.039910182 -0.6029338
0.65279853 -0.0028969273 -0.5450489
0.75690925 0.38949448 0.055947088
0.61285913 -0.0968236 -0.6744841
0.5824315 0.43698663 0.50021964
0.577965 -0.03725989 -0.54414093
0.5479949 -0.22514518 0.15392682
0.6118736 0.075594485 0.58026826
0.6425079 0.13664265 0.7050171
0.6226298 -0.38466796 -0.7952253
0.5906308 -0.117625244 -0.6722921
0.6947612 -0.07914621 0.35678738
0.694144 -0.38306707 -0.788929
0.74601734 0.2725906 -0.120037995
0.84655 -0.18788752 -0.77027166
0.6237889 -0.26449123 -0.5284773
0.5613588 -0.018771226 -0.47804335
0.6384926 -0.12990062 -0.60283923
0.74284494 -0.11694988 -0.6227481
0.53049076 -0.2378776 0.08408271
0.57808703 0.4959154 0.2913616
0.4410732 -0.102313 -0.07593105
0.37866443 0.23341362 -0.012565009
0.68946564 -0.020400979 -0.5117763
0.57512146 -0.10554842 0.32372808
0.6116501 -0.45028347 -0.74377835
0.75197405 0.2565151 -0.07456039
0.6031221 -0.22165427 -0.67919827
0.5984715 0.3875187 0.6611178
0.55380946 0.1766755 0.3964426
0.7309201 -0.36826348 -0.73065954
0.56368065 -0.052064445 -0.4149216
0.6048539 -0.1711551 -0.53244424
0.5926 -0.22859898 -0.7827586
0.81007254 -0.52868134 -0.7106552
0.6078545 -0.36949766 -0.73556787
0.5736025 0.41880977 0.39473766
0.66607714 0.12805319 -0.32015544
0.4353059 -0.10240924 0.25829634
0.76284254 -0.36720574 -0.27517352
0.79437965 -0.43975338 -0.29358825
0.8023049 -0.4189601 -0.19265226
0.78817797 -0.37857482 -0.082458995
0.75366414 -0.44167325 -0.21769097
0.736191 -0.3830445 -0.07541321
0.7556091 -0.35933635 -0.26171058
0.7676748 -0.28563464 0.09273623
0.74965566 -0.2974455 -0.11135829
0.70280886 -0.24312066 0.14831328
0.71996975 -0.16853692 -0.054761846
0.7281042 -0.13744958 0.32816637
0.7053662 -0.114042535 0.062651865
0.69289887 -0.0930768 0.18308096
0.7101322 0.004432489 -0.084819555
0.71371573 0.0035810666 0.22472304
0.7095879 0.08270173 -0.065359056
0.71666735 0.07561647 0.16516297
0.7444733 0.12890953 -0.13559082
0.7237503 0.118099414 0.2788049
0.74118847 0.16511577 -0.0076769674
0.7505509 0.17980927 0.1983641
0.7872084 0.20255308 -0.05372156
0.7673587 0.20986265 0.3096626
0.7590328 0.2769674 0.13370275
0.79509586 0.29551235 0.26090038
0.8054448 0.3306994 0.08381084
0.80107313 0.33015263 0.3552102
0.78636795 0.387359 0.2927197
0.8293742 0.3990544 0.36545146
0.83161706 0.3881252 0.20248865
0.8080295 0.31090632 0.15988086
0.7899851 -0.52652234 -0.33783418
0.7849348 -0.479977 -0.24276489
0.7857701 -0.5777572 -0.39777648
0.78424627 -0.5541739 -0.29347524
0.7734526 -0.5498548 -0.42274776
0.7428547 -0.46992853 -0.15308523
0.709212 -0.47264585 -0.2684431
0.71233577 -0.41297033 -0.14395618
0.7326867 -0.4140044 -0.3168804
0.7035517 -0.31932393 0.018686201
0.6939214 -0.30131346 -0.19817217
0.7324217 -0.23397681 0.1154252
0.73025954 -0.2129466 -0.14469346
0.7005041 -0.19349787 0.22396338
0.7250033 -0.2176058 0.028793558
0.7567313 -0.15940738 0.13996997
0.7764768 -0.16210087 -0.0965563
0.7392604 -0.10234035 0.25109622
0.742858 -0.1416447 0.021870043
0.7731281 -0.07373346 0.18152416
0.78872377 -0.09906786 -0.05060245
0.7763408 -0.02840447 0.3237024
0.77476174 -0.101599075 0.061219532
0.78573304 0.025689103 0.22594404
0.82123595 -0.0327432 0.027842786
0.7946753 0.05999946 0.32848316
0.7982088 -0.0087462785 0.119271934
0.80048996 0.1115505 0.26154992
0.83213603 0.059646375 0.11841379
0.8227338 0.14388308 0.4146749
0.804638 0.057323568 0.19150794
0.80820173 0.16782844 0.34641498
0.73548454 -0.5270559 -0.30324537
0.75719905 -0.48471692 -0.21013458
0.7557183 -0.5112633 -0.3549934
0.7545723 -0.45213738 -0.14098382
0.7452026 -0.4949724 -0.41959125
0.77687865 -0.35535797 -0.16507632
0.7541067 -0.40082684 -0.42791682
0.78251344 -0.28836343 0.021565177
0.7408853 -0.29189834 -0.31397521
0.83166903 -0.2130017 0.15455393
0.79297286 -0.21116185 -0.2488783
0.7765547 -0.15464379 0.27402052
0.6815377 -0.10058875 -0.1251705
0.7174518 -0.050479952 0.14205088
0.6731308 0.02985157 -0.19623442
0.6245063 0.04319817 0.20580909
0.6282186 0.127141 -0.113205574
0.6646599 0.13947992 0.11742315
0.70572567 0.18278414 -0.19642293
0.67458874 0.18079868 0.24236612
0.6907436 0.228327 -0.06809731
0.71620435 0.21849293 0.14988582
0.7447084 0.27234676 -0.06301097
0.7174477 0.270304 0.26503956
0.7338249 0.3117061 0.053988088
0.7374325 0.3435936 0.21675193
0.76053315 0.38523927 0.060386676
0.7424181 0.42258707 0.33680075
0.75671726 0.41550168 0.19367094
0.81152207 0.47432977 0.3062386
0.80216354 0.43174624 0.08258566
0.81880385 0.37355205 0.107221305
0.73327947 -0.62571776 -0.41997057
0.70140207 -0.5378587 -0.26810062
0.7093869 -0.6395019 -0.47213802
0.7064808 -0.5740612 -0.37225103
0.6931937 -0.5951433 -0.47567034
0.68986577 -0.5259335 -0.22430584
0.6790488 -0.54195654 -0.40420634
0.69987094 -0.46201202 -0.24838486
0.7003841 -0.4211265 -0.4191695
0.6956156 -0.34005982 -0.06199075
0.7069052 -0.32221034 -0.3308568
0.6949947 -0.24621457 0.10075092
0.7236405 -0.21435252 -0.19794458
0.6311626 -0.19011806 0.1709761
0.66499907 -0.1937135 -0.05830438
0.6240973 -0.14590733 0.2908998
0.7791253 -0.12789474 -0.15612063
0.645086 -0.06696058 0.28801504
0.72068554 -0.096045695 -0.04312761
0.67458934 -0.056750074 0.35944298
0.785965 -0.055292092 -0.15376613
0.71591425 0.012191297 0.30629265
0.73333365 -0.049166158 -0.0055619376
0.72308385 0.043889858 0.4006245
0.7814892 0.013941501 -0.06863805
0.7430104 0.13375948 0.3946085
0.7861824 0.05931341 0.019059014
0.7599006 0.19501102 0.4672066
0.812228 0.1408884 0.024693735
0.80148095 0.3085712 0.5758166
0.83953303 0.15715674 0.112215236
0.81679624 0.2991788 0.46665508
0.66884327 -0.6467482 -0.40602058
0.66432947 -0.60792357 -0.3367808
0.61497813 -0.65367883 -0.4485396
0.62990904 -0.57044417 -0.32122338
0.5930849 -0.59095865 -0.4130223
0.63563806 -0.49937814 -0.24200612
0.60942125 -0.50787705 -0.40821585
0.6356642 -0.39987248 -0.17567523
0.6386566 -0.35457644 -0.22906679
0.68029046 -0.29627368 0.009441509
0.6551355 -0.24840145 -0.039526388
0.6107001 -0.22352684 0.10218108
0.56285495 -0.13991384 0.015326547
0.42736256 -0.08828029 0.13915738
0.36485225 -0.009664303 0.050610844
0.3884877 0.0531755 0.09297252
0.4510262 0.10980087 -0.021549996
0.48493123 0.12326161 0.17629835
0.4739976 0.17385845 0.033073295
0.5469999 0.18437424 0.12860817
0.59836894 0.21384636 -0.03321669
0.6037266 0.24390313 0.21322006
0.6302289 0.27653766 0.07457251
0.6703618 0.3129194 0.18261606
0.67978233 0.3451258 0.0660442
0.6805515 0.36630186 0.2916931
0.72009265 0.38241044 0.1425415
0.7295435 0.4518303 0.25857365
0.74460524 0.4276972 0.11857787
0.78667396 0.50942856 0.36333883
0.7753073 0.47774863 0.24495181
0.8418564 0.47511807 0.14650364
0.5987346 -0.70436984 -0.47554243
0.5643346 -0.6362207 -0.36806774
0.57616717 -0.7058936 -0.5170204
0.5640164 -0.6500332 -0.43407363
0.56175756 -0.66417927 -0.5391241
0.58343387 -0.59158397 -0.35586154
0.5715164 -0.6021493 -0.53904736
0.5681289 -0.5292942 -0.3763188
0.58771336 -0.5193412 -0.51829886
0.5908262 -0.40028033 -0.17948651
0.6446796 -0.36705956 -0.30395818
0.57029295 -0.29177657 0.013367164
0.5368788 -0.28731194 -0.09565761
0.4438392 -0.23668131 0.12594648
0.4361102 -0.21598443 -0.0009932378
0.4101863 -0.1494956 0.1900151
0.43131393 -0.14652306 0.08324796
0.46037352 -0.10153464 0.24898496
0.5220879 -0.115330905 0.07532543
0.5359748 -0.009065009 0.2936005
0.5723094 -0.06150938 0.09771087
0.59968287 0.018790103 0.3358909
0.6589878 -0.089264564 0.00825196
0.63819045 0.11065201 0.31702042
0.6764088 -0.010624434 0.066026576
0.679255 0.17441243 0.3745818
0.74710876 9.67551e-06 0.10376094
0.72450536 0.26383147 0.40190047
0.74852175 0.13540325 0.094941765
0.77023417 0.3909172 0.49335653
0.824991 0.17532757 0.16511783
0.8007383 0.43630502 0.62077683
0.6394048 -0.69905 -0.4492969
0.62195235 -0.6365434 -0.32342017
0.5817752 -0.68280464 -0.49831134
0.581144 -0.5992102 -0.29528925
0.568247 -0.6280806 -0.5005441
0.58709145 -0.5032463 -0.19323722
0.58429664 -0.50794274 -0.6213281
0.5947201 -0.38190052 -0.07666259
0.6209894 -0.3489744 -0.42477477
0.6133279 -0.27662012 0.0034308014
0.6199766 -0.21722403 -0.19016108
0.4968121 -0.22710454 0.1336512
0.40317553 -0.121807344 0.0012611793
0.31574136 -0.07531763 0.08837943
0.35698563 0.0222889 -0.10359532
0.3321358 0.033470947 0.19983357
0.33461547 0.10498656 -0.05400348
0.34781307 0.14145035 0.11970781
0.38749462 0.19180131 -0.09361404
0.43029124 0.1847828 0.17010452
0.43715793 0.25683418 -0.04107053
0.4501248 0.30473503 0.10359891
0.5144921 0.31348237 0.014495979
0.5555895 0.35450432 0.17585757
0.56534046 0.3804953 0.07433504
0.6001053 0.4262056 0.1926686
0.64130336 0.41348988 0.10778913
0.66090924 0.49544308 0.26064298
0.6720564 0.4498742 0.17806274
0.7122045 0.5382208 0.33209115
0.72854525 0.5158407 0.21338557
0.82286495 0.51648426 0.21404152
0.6561902 -0.7305529 -0.51614255
0.6180081 -0.66200227 -0.37101772
0.6200742 -0.70630693 -0.55825454
0.60690325 -0.6817289 -0.42872894
0.6028015 -0.6398156 -0.6017866
0.5895557 -0.5545783 -0.24815401
0.576426 -0.5827666 -0.62911946
0.5844968 -0.49127653 -0.28413782
0.6193905 -0.49305353 -0.6834887
0.5990995 -0.35997555 -0.023720045
0.6739316 -0.35605964 -0.48770165
0.54697317 -0.2739013 0.044183236
0.64109737 -0.20278825 -0.3066126
0.39271998 -0.15773791 0.19195491
0.48823506 -0.13312404 -0.084308535
0.365839 -0.08463548 0.2111386
0.44231433 -0.03451717 -0.13043168
0.3538143 -0.0076095825 0.29583812
0.46839213 0.023845218 -0.06313709
0.43293238 0.05434777 0.28438666
0.5171873 0.10930586 -0.143823
0.5133147 0.113537155 0.30350232
0.5810587 0.119985454 -0.09355095
0.6089457 0.20823063 0.27213562
0.61485714 0.18669656 -0.17019776
0.6639897 0.26686624 0.32127476
0.6678306 0.14262815 0.042961158
0.7237534 0.37396774 0.36164215
0.6969563 0.2681183 -0.025824826
0.7133071 0.48698363 0.4383527
0.84932464 0.23446885 0.11990677
0.81498 0.49487504 0.4276269
0.7156432 -0.7126636 -0.4634387
0.6885173 -0.6455255 -0.3090194
0.6809832 -0.7103426 -0.54448897
0.6398363 -0.59893113 -0.2718347
0.60645425 -0.65008646 -0.55612874
0.6148322 -0.5016473 -0.14911821
0.60579664 -0.54023254 -0.57408863
0.61077166 -0.42826894 -0.13926354
0.6084205 -0.4105843 -0.3811815
0.58984953 -0.28237212 0.10951823
0.59071374 -0.20322862 -0.14158252
0.4565246 -0.17489564 0.04729556
0.4276235 -0.12087347 0.032044325
0.36809963 -0.056128837 0.14122617
0.40560246 0.008646655 0.025793009
0.343386 0.03464289 0.1156819
0.36495507 0.09706324 0.041972943
0.35263777 0.11946868 0.23011377
0.38405347 0.18883255 0.0050689345
0.38594836 0.24132252 0.10420364
0.4003005 0.28200105 0.04990763
0.4191622 0.31172496 0.19439945
0.44897217 0.36122394 0.06200554
0.46559227 0.4168383 0.18114462
0.5128461 0.39925742 0.12038104
0.560247 0.4584277 0.2522071
0.5935172 0.4803497 0.13681151
0.620029 0.55512184 0.2710443
0.6514291 0.5285235 0.19474316
0.60896164 0.5829497 0.35955256
0.6633308 0.60512656 0.34149227
0.7702187 0.5719699 0.27242592
0.7664353 -0.73311514 -0.51969093
0.7085624 -0.6650532 -0.34324092
0.75865525 -0.7269731 -0.5581094
0.6994303 -0.6889545 -0.40580177
0.70939475 -0.66522527 -0.60061914
0.65194 -0.56350887 -0.23417538
0.674601 -0.60227346 -0.62308437
0.62211084 -0.5471265 -0.29750925
0.67342347 -0.5388871 -0.67719656
0.6603121 -0.42552072 -0.09181328
0.71618944 -0.403551 -0.45594728
0.63450676 -0.30464336 -0.015995264
0.6906001 -0.23674554 -0.18695483
0.50728416 -0.18562102 0.16695243
0.5918459 -0.14705876 -0.02599239
0.42719263 -0.09687701 0.193959
0.55640906 -0.07093051 -0.10770614
0.37722105 -0.037081726 0.27598298
0.55998665 -0.030266348 -0.039981503
0.42647642 0.038278732 0.20986608
0.6135314 0.032921102 -0.13343143
0.49091262 0.17708263 0.24362768
0.6380885 0.041604247 -0.04749317
0.56488 0.2938163 0.2613361
0.6529673 0.14689359 -0.08064711
0.62559557 0.36899593 0.30225772
0.7245625 0.08736612 0.014043289
0.67201847 0.49252316 0.3558686
0.7781646 0.2103411 0.03681631
0.7287988 0.5759383 0.39267382
0.8616912 0.2538979 0.22574744
0.80061334 0.54790825 0.51807785
0.77381617 -0.68183404 -0.42460036
0.7165058 -0.5820225 -0.2423751
0.7822698 -0.6798595 -0.56794554
0.68181986 -0.54331374 -0.16888322
0.7359757 -0.5904302 -0.6485041
0.6375645 -0.42037344 -0.042558875
0.70397705 -0.48988962 -0.7269996
0.6412576 -0.3640065 0.011455993
0.6985244 -0.36151782 -0.65876263
0.6475084 -0.2511849 0.1399721
0.70657784 -0.21284175 -0.34653422
0.6004928 -0.16533801 0.22284794
0.6528519 -0.11518353 -0.20088947
0.51649 -0.07559246 0.3053093
0.6234322 -0.015154426 -0.22147891
0.43900675 0.027818255 0.32424417
0.48237246 0.09479533 -0.16969764
0.38142788 0.13763015 0.202707
0.5290435 0.17078687 -0.19848907
0.4108112 0.21507189 0.27346182
0.49077672 0.24858853 -0.11969876
0.47113723 0.34405127 0.2400919
0.5556497 0.32388124 -0.06764876
0.58378357 0.43173334 0.35466367
0.6095948 0.3742266 0.025422107
0.59130245 0.5463415 0.4101913
0.6564911 0.48162964 0.104664385
0.6320732 0.65899074 0.37736407
0.6666582 0.59418243 0.2797276
0.6263548 0.67035955 0.46606016
0.69660467 0.63257843 0.34508157
0.74254394 0.61783844 0.3805493
0.8061169 -0.70448834 -0.48012054
0.7424242 -0.605693 -0.28125584
0.82100827 -0.7169973 -0.5626991
0.75409347 -0.647621 -0.35090753
0.8173436 -0.6445958 -0.64006
0.66637796 -0.4849351 -0.10343966
0.7754549 -0.5782761 -0.68595773
0.67829937 -0.43758908 -0.073157206
0.7890508 -0.5107699 -0.73033965
0.6536413 -0.34250253 0.060127575
0.75076514 -0.40623757 -0.5788065
0.6590447 -0.23150323 0.19294028
0.72198355 -0.22569253 -0.46737313
0.613936 -0.123278104 0.3183322
0.7029811 -0.14811409 -0.20376562
0.5748573 -0.04518198 0.39592582
0.72581667 -0.079057075 -0.3663396
0.50980616 0.033524178 0.41380867
0.68590635 -0.044127665 -0.18347487
0.5513045 0.13793811 0.38864177
0.6367544 0.03573659 -0.3132267
0.53912544 0.2181516 0.37479335
0.67909294 0.05235181 -0.18205646
0.59372985 0.3162172 0.37861323
0.71000916 0.13810664 -0.25426796
0.61472356 0.43780842 0.46390527
0.7366144 0.2014255 -0.13924718
0.6617686 0.553197 0.519885
0.80121654 0.30482876 -0.029601831
0.70584446 0.63943106 0.5109529
0.8605917 0.37890795 0.18016925
0.7961203 0.5868318 0.44002306
0.8025593 -0.6498463 -0.36511073
0.7330695 -0.5371457 -0.2035253
0.8075343 -0.64141786 -0.5008493
0.7211508 -0.50190866 -0.12779067
0.78789556 -0.5525157 -0.5725754
0.67822146 -0.38853058 0.03459658
0.8013801 -0.41469845 -0.64491326
0.6917053 -0.28940228 0.06285797
0.7684719 -0.28971344 -0.5560314
0.69173247 -0.19117323 0.20401941
0.7361716 -0.1721876 -0.42021173
0.6717916 -0.121262886 0.32041767
0.69809836 -0.058282234 -0.26952106
0.66849273 -0.0060173655 0.3851821
0.7098188 0.03541032 -0.32032436
0.6398558 0.07763481 0.43048844
0.67895716 0.09950263 -0.26801422
0.60755205 0.15502836 0.4636376
0.6865602 0.16449907 -0.2491051
0.61863095 0.22187483 0.41570204
0.65468544 0.22507758 -0.15706667
0.5783802 0.34246734 0.52476346
0.68561864 0.31564215 -0.052835904
0.61088127 0.49658898 0.6009998
0.70112497 0.42605612 0.08238184
0.6186092 0.61128134 0.6284005
0.7025686 0.5269742 0.20347029
0.61696994 0.6807691 0.5490538
0.73470426 0.5927214 0.26677573
0.66287065 0.71531266 0.48707265
0.6963132 0.68736094 0.4189011
0.7398074 0.67315865 0.4817208
0.8281368 -0.66363525 -0.39406967
0.7639546 -0.5605888 -0.22697634
0.83324534 -0.6568834 -0.46687216
0.7734146 -0.60873383 -0.28399384
0.82540566 -0.6141501 -0.5602439
0.70897764 -0.46933094 -0.06899832
0.8221792 -0.5286228 -0.5494434
0.7177053 -0.40403256 -0.010806252
0.83046335 -0.4698245 -0.6503654
0.7064348 -0.28993616 0.14925681
0.77130306 -0.4026489 -0.49689847
0.7126942 -0.17878836 0.2849839
0.74221927 -0.22631827 -0.37080473
0.71116596 -0.07751584 0.41911536
0.7327463 -0.15240324 -0.24586135
0.700563 0.03164476 0.45522228
0.7257495 -0.09395759 -0.31360763
0.68153656 0.09592792 0.54041284
0.7450106 -0.08149508 -0.23037004
0.7036713 0.16687202 0.50985974
0.7363228 -0.021869496 -0.28798997
0.6726499 0.23593715 0.5285031
0.76241493 -0.02352279 -0.22931913
0.669375 0.3295473 0.54127014
0.7621239 0.072866365 -0.20978305
0.66849506 0.46344754 0.6328083
0.80837005 0.07812724 -0.1593248
0.73434514 0.59220177 0.63337344
0.85516804 0.30072084 0.091180615
0.6859581 0.65704393 0.6146772
0.8540486 0.4724782 0.3153656
0.79473907 0.6572874 0.53328854
0.8168662 -0.5891081 -0.29591265
0.75810665 -0.48748797 -0.15267226
0.8218761 -0.5568888 -0.42098916
0.7592905 -0.45507565 -0.06333825
0.81877524 -0.38824707 -0.48400965
0.7294961 -0.33170828 0.08264011
0.8248639 -0.28218338 -0.6037525
0.7420936 -0.23864353 0.22025207
0.8256437 -0.23185642 -0.54943746
0.73719823 -0.11591754 0.34318405
0.7645511 -0.12813205 -0.49414697
0.7255824 -0.031354666 0.46027517
0.7482825 -0.03748187 -0.39341497
0.7411028 0.07498385 0.51547974
0.75438476 0.040507603 -0.3588372
0.73127127 0.14776611 0.5778521
0.74650115 0.08329254 -0.2869253
0.7125433 0.20671734 0.6240768
0.7631431 0.13933748 -0.2885916
0.6951648 0.2669196 0.65649194
0.7518039 0.20923865 -0.20995024
0.62970454 0.3554757 0.7225506
0.7437654 0.2826451 -0.09791433
0.6339739 0.5204656 0.72874874
0.7625697 0.38722035 0.007860622
0.6533213 0.612189 0.68144375
0.7717015 0.50785106 0.19647354
0.7081067 0.7198806 0.5320712
0.8054308 0.6100363 0.3299873
0.68069434 0.72850925 0.57426685
0.7971751 0.6605781 0.3877595
0.77427095 0.70576423 0.45088285
0.8427708 -0.60441 -0.3250237
0.78556544 -0.52748156 -0.16291568
0.85824233 -0.58807796 -0.3813287
0.79996204 -0.5587498 -0.22736612
0.84135437 -0.47826377 -0.4954114
0.75183374 -0.39816222 0.017076667
0.82274187 -0.45680907 -0.43037826
0.7613134 -0.3082332 0.14187798
0.82688457 -0.35676846 -0.5635186
0.7504917 -0.20179762 0.2830403
0.82667345 -0.29749015 -0.49796343
0.7602024 -0.09825573 0.40682572
0.8143327 -0.1710295 -0.55932146
0.74684554 -0.0059523983 0.5188919
0.7915674 -0.14318004 -0.3759011
0.7389504 0.077833235 0.59532255
0.7844009 -0.064289354 -0.47574282
0.73175806 0.15946926 0.66444856
0.780974 -0.044807296 -0.35838282
0.73304677 0.21470776 0.71051365
0.8000613 -0.0048707156 -0.39722303
0.6664691 0.27961984 0.7582682
0.8044875 0.015036986 -0.32610333
0.7297858 0.38352746 0.7322399
0.78960294 0.08446533 -0.27609006
0.7054246 0.5153131 0.7729572
0.8471766 0.18435799 -0.016916636
0.73931646 0.6246089 0.71269345
0.8513807 0.36772525 0.059816036
0.72164816 0.7071291 0.6316781
0.86993307 0.5106439 0.2500639
0.8374036 0.67906433 0.47359002
0.83514977 -0.5414275 -0.24598369
0.7965179 -0.46236908 -0.14353126
0.82157487 -0.4890872 -0.30619156
0.77485615 -0.40868482 -0.06003497
0.80912524 -0.36371538 -0.28967214
0.780181 -0.26791894 0.065489545
0.81913126 -0.25204024 -0.3105971
0.78428096 -0.16210777 0.21785425
0.82175523 -0.19932304 -0.2171379
0.7858673 -0.050841533 0.31583577
0.8228461 -0.103130125 -0.24093564
0.77648765 0.041011497 0.4527961
0.8304181 0.031770542 -0.16638725
0.78455424 0.12894633 0.45445615
0.81710774 0.09580872 -0.10278584
0.7731218 0.18822476 0.5601224
0.80104893 0.13784891 -0.18591231
0.77243984 0.24953082 0.63180435
0.7975691 0.20222218 -0.11290353
0.7586419 0.31258187 0.730431
0.80516106 0.2541373 -0.07489087
0.6974364 0.36972955 0.8315803
0.80481344 0.3169345 -0.019050606
0.67529607 0.46141872 0.80738896
0.80941707 0.3422683 -0.030900713
0.7018103 0.57238877 0.74641395
0.8342156 0.4882047 0.17323676
0.7487022 0.6708588 0.6747959
0.82894915 0.5841835 0.26546058
0.7718752 0.75459415 0.55711144
0.8311337 0.722907 0.45914757
0.8020564 0.7454914 0.5012263
0.88622713 -0.550484 -0.2633134
0.8248572 -0.48887423 -0.15110639
0.90844935 -0.5350204 -0.30557552
0.8293115 -0.51483434 -0.19246764
0.8606864 -0.47558248 -0.33593518
0.78627783 -0.36383966 0.040354714
0.8260904 -0.40050992 -0.35185683
0.79141563 -0.25598347 0.19901207
0.823708 -0.30180556 -0.22766966
0.78831494 -0.16561332 0.33024445
0.82481986 -0.31737262 -0.41258326
0.7818599 -0.056709345 0.4592127
0.81341153 -0.15328796 -0.13115288
0.76974756 0.022473447 0.54987055
0.80794364 -0.17988606 -0.4615203
0.7662577 0.11749958 0.63409364
0.81123775 -0.052045867 -0.12484963
0.77801883 0.16977185 0.70108575
0.82015723 -0.09558751 -0.41153476
0.75431955 0.2202262 0.80609554
0.84041876 -0.002419143 -0.09291431
0.7329492 0.28220785 0.84951955
0.83336085 -0.02785869 -0.30300128
0.7691866 0.37404194 0.8452009
0.8453806 0.08390272 -0.036320623
0.77110374 0.4734619 0.8187717
0.8469134 0.10867754 -0.09089729
0.7890455 0.56495464 0.71724427
0.85761404 0.21909972 0.049820017
0.78799987 0.7312014 0.6178662
0.86149246 0.390597 0.27310702
0.84387696 0.6947763 0.5701866
0.861465 -0.50440645 -0.19247861
0.8108211 -0.41856095 -0.10135239
0.8491716 -0.41123748 -0.2751134
0.7991449 -0.3566281 -0.0060172277
0.8268159 -0.25202233 -0.24178915
0.7929508 -0.2197031 0.14431627
0.8312284 -0.16447443 -0.30423236
0.8051385 -0.12936448 0.30688688
0.8398121 -0.13555604 -0.22892451
0.8049322 -0.030484688 0.38579205
0.8367299 -0.04820249 -0.22557776
0.78769976 0.061066017 0.5097993
0.8397922 0.0024104202 -0.25565878
0.78701884 0.12814376 0.57267076
0.8071535 0.07794391 -0.32114992
0.79274386 0.19649462 0.6630626
0.8345962 0.088021286 -0.22552219
0.7968692 0.26930565 0.7181782
0.82033557 0.17119618 -0.22737707
0.801382 0.30214968 0.8246605
0.8378819 0.19265696 -0.1595214
0.8057864 0.37737873 0.79885745
0.81691873 0.24660835 -0.13784462
0.79806787 0.45543227 0.83952504
0.8383706 0.29366753 -0.066852584
0.77596945 0.5736212 0.79412615
0.83712053 0.4345444 0.0828885
0.84079236 0.6974142 0.6296787
0.85351866 0.58102363 0.29744583
0.8519398 0.7288647 0.51330894
0.8533684 0.6441652 0.33566257
0.84327996 0.6408871 0.38026255
0.93592316 -0.50816095 -0.21933094
0.8714518 -0.47314885 -0.13534734
0.945859 -0.4704736 -0.28595996
0.82781976 -0.4447492 -0.08853466
0.8751285 -0.3597988 -0.34587228
0.8007367 -0.30550963 0.09972869
0.8429968 -0.28882012 -0.32601264
0.8023414 -0.20832112 0.24582686
0.8586572 -0.24336115 -0.40693414
0.80299443 -0.10885132 0.37119028
0.84204286 -0.20962682 -0.36049742
0.7962871 -0.01788719 0.48586097
0.8574411 -0.17580532 -0.46427506
0.7833189 0.059831895 0.5895819
0.8449705 -0.10915511 -0.34381837
0.8055016 0.1387837 0.6685445
0.8640975 -0.09000414 -0.4904063
0.81206256 0.19041193 0.7684511
0.8575507 -0.045238513 -0.37898928
0.8208043 0.24878088 0.83180946
0.83122796 0.015965432 -0.3831342
0.78663987 0.29462603 0.8869597
0.84316677 0.047563292 -0.31339896
0.83115953 0.3632443 0.8821822
0.8424994 0.10573206 -0.32446525
0.8185875 0.50227565 0.8174643
0.85068405 0.18550894 -0.11757487
0.81657 0.6303038 0.7370159
0.8542202 0.2869021 -0.017407138
0.80155104 0.6684212 0.67511994
0.8530652 0.38167393 0.15778938
0.86360997 0.63555604 0.4362324
0.83158946 -0.45675558 -0.2316815
0.77704555 -0.41905776 -0.15136728
0.8061295 -0.34970006 -0.22501254
0.80091125 -0.30147 -0.119416356
0.8323558 -0.23773074 -0.15455072
0.82915753 -0.1959185 0.031088628
0.83786696 -0.14512882 -0.097893246
0.8319715 -0.12236805 0.15022582
0.83699435 -0.08024887 -0.07596228
0.83272165 -0.017613588 0.26088148
0.8347911 -0.010728366 -0.016892392
0.8365068 0.060553655 0.3706691
0.83744323 0.022838518 -0.10802193
0.8435784 0.11655461 0.45762876
0.8343012 0.1043277 0.075729094
0.8508515 0.17830995 0.55162257
0.8284961 0.13272914 -0.11913388
0.86685014 0.21531463 0.54885465
0.8371159 0.22339356 0.16294482
0.8393449 0.26386118 0.6873421
0.8241971 0.23379117 0.017076675
0.8605886 0.32418093 0.6421631
0.85182196 0.35442165 0.1730323
0.83733046 0.44303417 0.8144904
0.8522923 0.35584787 0.032009173
0.8421389 0.5557287 0.745824
0.86509734 0.46541438 0.25122568
0.858078 0.6467623 0.6336728
0.8854608 0.53943515 0.25875288
0.95160854 0.6416159 0.34196842
0.9079439 0.69053715 0.43810305
0.9273853 0.57852 0.27783167
0.9329438 -0.4910175 -0.16704877
0.95115715 -0.46860445 -0.16306691
0.9895678 -0.47441515 -0.20515884
0.8833843 -0.43172064 -0.18068762
0.91138667 -0.39337444 -0.20458657
0.8279905 -0.31940085 0.050568115
0.8449384 -0.3230557 -0.11111252
0.8322232 -0.21013737 0.17860498
0.8420705 -0.23221311 -0.06958731
0.8433059 -0.106112294 0.3473661
0.8315876 -0.14031334 -0.012467218
0.85651475 0.0019694315 0.46885616
0.82827336 -0.052797187 0.08589331
0.86404854 0.07628628 0.59949595
0.84180146 0.029820848 0.09125531
0.94308615 0.13070606 0.63392574
0.83524746 0.09973686 0.22239083
0.90372825 0.16929382 0.740158
0.8514732 0.1574022 0.17894527
0.9326785 0.19435552 0.74363536
0.84139687 0.18917975 0.42280436
0.8502013 0.25878528 0.8173896
0.8469487 0.22799398 0.27179193
0.8499548 0.33832 0.76821214
0.8435742 0.24459124 0.31623328
0.8507014 0.41758078 0.6683288
0.84161454 0.2917368 0.2097669
0.85054326 0.53441465 0.59642166
0.8453825 0.37249404 0.39732683
0.89571434 0.6335331 0.5023329
0.8556424 0.44900867 0.31286654
0.85012776 0.54957294 0.47858557
0.794602 -0.43041798 -0.21727945
0.91296417 -0.4085177 -0.12745552
0.8722642 -0.34333858 -0.18277079
0.83252054 -0.30546057 -0.03820468
0.8151059 -0.24771951 -0.035933387
0.825414 -0.18663503 0.11458403
0.8357748 -0.12228959 0.03494257
0.84579074 -0.07284418 0.23421614
0.8280665 -0.035020374 0.17323536
0.8578556 -0.0027265623 0.3763191
0.8326548 0.043645125 0.2173154
0.8962969 0.046251923 0.5354078
0.8395643 0.089936115 0.32843795
0.93814415 0.11720864 0.5720232
0.84009117 0.14765829 0.32455647
1.0074748 0.15353835 0.67090803
0.84612036 0.20240712 0.47636506
0.976906 0.19806983 0.6821778
0.8625418 0.26271373 0.43082318
0.91186666 0.23574406 0.7394896
0.8517907 0.26672196 0.4665418
0.8668141 0.3106762 0.71174735
0.853795 0.31153345 0.34530395
0.8541645 0.4241046 0.73022854
0.85309285 0.4227691 0.46420673
0.87229306 0.5123091 0.64215976
0.89186466 0.46986166 0.3810439
0.91024154 0.5921034 0.56456524
0.94733775 0.5838786 0.4312966
0.9567483 0.6499005 0.44615275
0.96036166 0.56282383 0.33653912
0.88887805 0.51403815 0.2917258
0.8239221 -0.37914464 -0.18744943
0.82066435 -0.38138267 -0.13260718
0.9372428 -0.43982452 -0.11308779
0.8604227 -0.4022719 -0.067529775
0.8428748 -0.3707218 -0.060285505
0.82237864 -0.26310223 0.10074964
0.8240297 -0.2528077 0.041153908
0.8363977 -0.1370774 0.26603746
0.83940905 -0.13246788 0.1908839
0.83520406 -0.05466327 0.41098443
0.83599395 -0.038334485 0.33359623
0.82029647 0.01618841 0.5318747
0.8418762 0.049664624 0.46100837
0.82143956 0.09162343 0.6257898
0.8731217 0.110974066 0.5371604
0.86594015 0.141457 0.6875369
0.84656394 0.14728133 0.62611926
0.8467318 0.1970437 0.76078165
0.86988586 0.18341507 0.64571214
0.8879382 0.22428767 0.8094833
0.84554726 0.20247748 0.62717247
0.85216326 0.3048899 0.8263604
0.85894614 0.27761635 0.58358973
0.8545009 0.40253398 0.801286
0.86382633 0.3689308 0.5266911
0.8618076 0.51463705 0.72629416
0.8472677 0.44118488 0.5634254
0.85615057 0.5890419 0.65235007
0.874054 0.501983 0.4889655
0.8759373 0.6700731 0.54246056
0.89148206 0.54789263 0.37310845
0.8431035 0.5067392 0.4063088
